"cell_barcode","expression"
"AAACCTGAGACAGAGA-1",0
"AAACCTGAGACTTTCG-1",1.7675908410758
"AAACCTGAGAGTAAGG-1",1.79134292404771
"AAACCTGAGAGTCGGT-1",0
"AAACCTGAGGATGGAA-1",0
"AAACCTGAGTAGATGT-1",0
"AAACCTGCAATCAGAA-1",2.14560021193091
"AAACCTGCACCGATAT-1",1.2798371326043
"AAACCTGCAGACGTAG-1",1.63056832072081
"AAACCTGCAGTATCTG-1",0
"AAACCTGCATAGTAAG-1",0
"AAACCTGCATGAACCT-1",0
"AAACCTGGTAAGAGGA-1",1.69423300438744
"AAACCTGGTCCAACTA-1",0
"AAACCTGTCCGTAGTA-1",0
"AAACCTGTCGAGAGCA-1",0
"AAACGGGAGTACGACG-1",1.95297183875224
"AAACGGGCAAGGTTTC-1",3.36433996730904
"AAACGGGCACGTCAGC-1",3.04432864607648
"AAACGGGCAGCGTTCG-1",3.04432864607648
"AAACGGGGTAGCCTCG-1",1.34110442770281
"AAACGGGGTCTACCTC-1",0
"AAACGGGGTGCGGTAA-1",1.39864534214568
"AAACGGGGTTGTCGCG-1",3.17600877103057
"AAACGGGTCCATGAGT-1",18.6684450132659
"AAACGGGTCCCAACGG-1",1.56220326605152
"AAACGGGTCCCATTAT-1",1.44516265397505
"AAAGATGCAGTCAGCC-1",0
"AAAGATGCATCTACGA-1",18.4480193961826
"AAAGCAAAGCGTCTAT-1",0
"AAAGCAACATGTCGAT-1",0
"AAAGCAAGTAGCTGCC-1",0
"AAAGCAAGTAGGCATG-1",0
"AAAGCAAGTGCGCTTG-1",1.81763797610274
"AAAGCAAGTTATTCTC-1",0
"AAAGCAATCCGTAGTA-1",1.12572980897621
"AAAGTAGAGATGTGTA-1",0
"AAAGTAGAGTGGGCTA-1",0
"AAAGTAGGTATATGGA-1",1.67987888376149
"AAAGTAGGTGAGCGAT-1",0
"AAAGTAGGTTGAGGTG-1",0
"AAATGCCAGCCCTAAT-1",1.46275760086849
"AAATGCCAGCGTGTCC-1",0
"AAATGCCCAACACCTA-1",1.60688281682492
"AAATGCCGTAGGAGTC-1",3.17903321368423
"AAATGCCGTCTTTCAT-1",13.9369230904145
"AAATGCCGTGGTCCGT-1",0
"AAATGCCGTTCCCGAG-1",1.79593833030302
"AAATGCCTCATAGCAC-1",0
"AAATGCCTCGCTTAGA-1",1.2798371326043
"AACACGTAGAATTCCC-1",0
"AACACGTAGCCCTAAT-1",0
"AACACGTAGGGTGTGT-1",1.78182890102545
"AACACGTCACTGTCGG-1",0
"AACACGTCATCCCATC-1",1.45289327865391
"AACACGTGTGCAACGA-1",0
"AACACGTGTGTCGCTG-1",1.77977734016826
"AACCATGAGCGCTTAT-1",2.08409291695351
"AACCATGGTCCGTTAA-1",0
"AACCATGTCAGTTCGA-1",2.84767971557316
"AACCATGTCATCGATG-1",0
"AACCATGTCCCAAGTA-1",0
"AACCGCGAGAAGCCCA-1",0
"AACCGCGAGACTGGGT-1",0
"AACCGCGAGAGGTACC-1",1.94163663827793
"AACCGCGAGTTAGGTA-1",1.36082041988671
"AACCGCGAGTTGCAGG-1",0
"AACCGCGCACGGTAGA-1",0
"AACCGCGCAGCATGAG-1",8.47226587502327
"AACCGCGCAGCCTGTG-1",2.25699340106876
"AACCGCGCAGCTGTGC-1",1.89361497818834
"AACCGCGCAGTATGCT-1",1.67987888376149
"AACCGCGGTACTTGAC-1",3.4530360385079
"AACCGCGGTCTGCAAT-1",3.05557432745314
"AACCGCGTCACATGCA-1",3.48336272316339
"AACCGCGTCACCGTAA-1",0
"AACCGCGTCCAGAGGA-1",1.87281826504998
"AACCGCGTCCGAAGAG-1",3.75652904647769
"AACGTTGAGCGATAGC-1",0
"AACGTTGAGCGATCCC-1",0
"AACGTTGAGCTTATCG-1",1.89361497818834
"AACGTTGCAAGTTGTC-1",0
"AACGTTGCAATAGAGT-1",0
"AACGTTGCAATGGATA-1",5.16007883753919
"AACGTTGCATGGATGG-1",0
"AACGTTGCATTCTCAT-1",3.14120511844231
"AACGTTGTCAACACGT-1",0
"AACGTTGTCGAGGTAG-1",4.28582421083714
"AACGTTGTCGGTCCGA-1",1.43386668376264
"AACTCAGAGAGCTATA-1",6.73784656902999
"AACTCAGAGAGTCGGT-1",1.64762556764427
"AACTCAGAGCCACCTG-1",12.4275172350515
"AACTCAGAGCCCAATT-1",18.6684450132659
"AACTCAGCAAACAACA-1",0
"AACTCAGCACAAGCCC-1",0
"AACTCAGCACGGTTTA-1",0
"AACTCAGCAGGATCGA-1",0
"AACTCAGCATAAAGGT-1",0
"AACTCAGGTTCCACAA-1",1.44516265397505
"AACTCAGTCGTACCGG-1",0
"AACTCCCAGCCCAGCT-1",1.69423300438744
"AACTCCCAGCTAAGAT-1",1.44516265397505
"AACTCCCCATGGTCTA-1",3.05557432745314
"AACTCCCGTTGCGCAC-1",0
"AACTCCCTCAAGAAGT-1",0
"AACTCCCTCAAGCCTA-1",2.14560021193091
"AACTCCCTCATCGCTC-1",0
"AACTCCCTCTGCAGTA-1",1.34277466391253
"AACTCCCTCTGGCGTG-1",0
"AACTCTTAGCAGACTG-1",0
"AACTCTTAGTCCGGTC-1",0
"AACTCTTCATGCTAGT-1",1.89794210856257
"AACTCTTGTCGAATCT-1",3.58301368978505
"AACTCTTGTCGGGTCT-1",1.39864534214568
"AACTCTTTCTCAAACG-1",0
"AACTCTTTCTCCAGGG-1",0
"AACTCTTTCTCTGCTG-1",1.7399468934154
"AACTGGTAGAAGATTC-1",0
"AACTGGTAGAGACTAT-1",0
"AACTGGTAGCCAACAG-1",0
"AACTGGTAGTGTACTC-1",2.67382284830196
"AACTGGTCACTGAAGG-1",0
"AACTGGTGTCCGAACC-1",0
"AACTGGTTCGGAGCAA-1",3.17903321368423
"AACTGGTTCGTGGGAA-1",0
"AACTGGTTCTGCTTGC-1",1.82458284121735
"AACTTTCAGCGTGAAC-1",4.44894682281126
"AACTTTCAGTATCTCG-1",2.08409291695351
"AACTTTCAGTTTCCTT-1",1.86909947255371
"AACTTTCCATCCTTGC-1",1.93704846870536
"AACTTTCGTCTAGAGG-1",0
"AACTTTCGTCTCTTTA-1",3.35514728859626
"AACTTTCGTTTGTTTC-1",22.7232258734062
"AAGACCTAGGGCTTCC-1",1.89794210856257
"AAGACCTAGTACACCT-1",2.08409291695351
"AAGACCTGTATATGAG-1",0
"AAGACCTGTATCAGTC-1",2.08409291695351
"AAGACCTGTCCGTGAC-1",1.44516265397505
"AAGACCTGTCGAAAGC-1",1.79134292404771
"AAGACCTTCGCCATAA-1",1.91550807631439
"AAGCCGCAGATCTGAA-1",4.36560245707915
"AAGCCGCAGGGTGTTG-1",0
"AAGCCGCAGTGGACGT-1",1.70042526017336
"AAGCCGCAGTGTACTC-1",1.91550807631439
"AAGCCGCCACGCTTTC-1",0
"AAGCCGCCAGGACGTA-1",1.50547893870156
"AAGCCGCGTACAGTTC-1",0
"AAGCCGCGTCATTAGC-1",1.60688281682492
"AAGCCGCTCACGAAGG-1",0
"AAGCCGCTCAGTTAGC-1",11.0587342945031
"AAGCCGCTCGCAAACT-1",0
"AAGCCGCTCGTCGTTC-1",3.14358397094908
"AAGCCGCTCTTACCGC-1",0
"AAGGAGCAGAAACCGC-1",0
"AAGGAGCAGGCATGTG-1",0
"AAGGAGCAGGCGCTCT-1",0
"AAGGAGCAGTTGAGTA-1",4.28582421083714
"AAGGAGCCACGGCGTT-1",0
"AAGGAGCGTCTGCAAT-1",1.49412245867914
"AAGGAGCTCGTCTGCT-1",0
"AAGGCAGAGAACTGTA-1",0
"AAGGCAGAGAGATGAG-1",1.89361497818834
"AAGGCAGAGGTGATAT-1",0
"AAGGCAGCATAGTAAG-1",1.73839957358052
"AAGGCAGGTACTTCTT-1",0
"AAGGCAGGTGTGCCTG-1",1.43899788613906
"AAGGCAGTCAGATAAG-1",18.6684450132659
"AAGGCAGTCGGAATCT-1",1.56220326605152
"AAGGTTCAGTATCTCG-1",0
"AAGGTTCCATCACGTA-1",1.14963232167946
"AAGGTTCGTATATGGA-1",0
"AAGGTTCGTCCGAATT-1",2.26173094927769
"AAGGTTCGTCGACTAT-1",2.6393904798448
"AAGGTTCGTGTGACCC-1",1.75561046564543
"AAGGTTCTCCGTCATC-1",3.48336272316339
"AAGGTTCTCCTCGCAT-1",3.05557432745314
"AAGGTTCTCTGCGGCA-1",0
"AAGTCTGAGCCATCGC-1",12.5824696512351
"AAGTCTGAGTCAAGCG-1",2.67382284830196
"AAGTCTGCAAAGGAAG-1",0
"AAGTCTGGTCAGCTAT-1",0
"AAGTCTGTCAAACAAG-1",0
"AAGTCTGTCACTGGGC-1",1.44516265397505
"AAGTCTGTCAGCAACT-1",0
"AATCCAGCAAAGTGCG-1",0
"AATCCAGCAGCATACT-1",0
"AATCCAGGTAGGCATG-1",11.2699427978853
"AATCCAGGTCTCCCTA-1",0
"AATCCAGTCCGAATGT-1",0
"AATCGGTAGGCATGGT-1",0
"AATCGGTTCCTGTACC-1",1.70042526017336
"AATCGGTTCGCCGTGA-1",1.40953699762249
"ACACCAAAGATGAGAG-1",1.46275760086849
"ACACCAAAGCCCTAAT-1",0
"ACACCAAAGGATGGTC-1",0
"ACACCAAAGTGTCCAT-1",0
"ACACCAACACTTCGAA-1",2.14560021193091
"ACACCAACAGACGCTC-1",1.65648982452361
"ACACCAACAGCCTATA-1",0
"ACACCAAGTCGCGTGT-1",0
"ACACCAAGTCTAAACC-1",0
"ACACCAAGTTATGTGC-1",0
"ACACCAATCGCGTTTC-1",9.99440662033909
"ACACCCTAGCCAGGAT-1",0
"ACACCCTAGTACTTGC-1",1.04724759607652
"ACACCCTCAAGCGCTC-1",0
"ACACCCTCATCACAAC-1",0
"ACACCCTCATGCCCGA-1",0
"ACACCCTGTCTGGTCG-1",0
"ACACCCTTCCGCAAGC-1",0
"ACACCCTTCCTTGCCA-1",0
"ACACCCTTCTATCCTA-1",4.47054534997224
"ACACCCTTCTGGCGTG-1",1.79593833030302
"ACACCGGAGGCTCAGA-1",0
"ACACCGGAGTGACATA-1",1.82110205144729
"ACACCGGAGTTACCCA-1",0
"ACACCGGCACCAGATT-1",0
"ACACCGGCACCGAAAG-1",1.91550807631439
"ACACCGGCATCACAAC-1",0
"ACACCGGTCCGCATAA-1",3.89587145823543
"ACACCGGTCTCGGACG-1",1.82023447116132
"ACACCGGTCTCTGTCG-1",1.36060487500458
"ACACTGAAGCACGCCT-1",0
"ACACTGAAGGTGATTA-1",3.09021674882426
"ACACTGACAATAGAGT-1",0
"ACACTGACAGACTCGC-1",1.99148227932181
"ACACTGACATCCAACA-1",2.31656371763325
"ACACTGAGTCCGAAGA-1",5.16007883753919
"ACACTGAGTGTTTGTG-1",0
"ACACTGAGTTTGACTG-1",0
"ACAGCCGAGGAATGGA-1",0
"ACAGCCGAGGCCCGTT-1",1.71335126959398
"ACAGCCGAGGTGCTTT-1",0
"ACAGCCGAGTGGTAGC-1",1.81763797610274
"ACAGCCGCATATACGC-1",3.39000121052405
"ACAGCCGCATGCAACT-1",10.1202859347361
"ACAGCCGGTAGGGTAC-1",0
"ACAGCCGGTCGAATCT-1",0
"ACAGCCGGTTCACCTC-1",9.94684539311521
"ACAGCCGGTTCCACTC-1",0
"ACAGCCGTCCAGAAGG-1",0
"ACAGCCGTCTTTACAC-1",0
"ACAGCTAAGCACCGCT-1",1.82110205144729
"ACAGCTAAGTATCTCG-1",0
"ACAGCTAAGTGTTGAA-1",5.62702085650046
"ACAGCTACATCGTCGG-1",1.69169931933607
"ACAGCTAGTCGACTAT-1",3.5993721777065
"ACAGCTAGTGGTACAG-1",0
"ACAGCTATCACCACCT-1",2.71859188510252
"ACAGCTATCTGCTTGC-1",0
"ACATACGAGAGCTTCT-1",0
"ACATACGAGCGTAGTG-1",0
"ACATACGAGCTTCGCG-1",0
"ACATACGAGCTTTGGT-1",1.81763797610274
"ACATACGCAAACGTGG-1",1.04724759607652
"ACATACGCAAGCCTAT-1",3.39000121052405
"ACATACGCATCTCCCA-1",0
"ACATACGCATTCTCAT-1",0
"ACATACGGTAGGAGTC-1",0
"ACATACGGTGCACCAC-1",0
"ACATACGGTGGTTTCA-1",0
"ACATACGTCGTATCAG-1",1.32934023152993
"ACATCAGAGCCACTAT-1",13.0736254888927
"ACATCAGAGCCTTGAT-1",0
"ACATCAGCAACACCCG-1",1.40953699762249
"ACATCAGCAACGATGG-1",0
"ACATCAGCAATTGCTG-1",0
"ACATCAGCACCGGAAA-1",10.5399437089311
"ACATCAGCATAAAGGT-1",0
"ACATCAGCATCCCACT-1",1.36060487500458
"ACATCAGCATTTGCCC-1",1.34277466391253
"ACATCAGGTAAGGATT-1",0
"ACATCAGGTCCGTGAC-1",0
"ACATCAGGTTAAGTAG-1",0
"ACATCAGTCAAACCGT-1",1.44516265397505
"ACATGGTAGCATGGCA-1",4.36560245707915
"ACATGGTAGCTGTTCA-1",0
"ACATGGTCACTTGGAT-1",5.76937479269653
"ACATGGTGTCAGATAA-1",0
"ACATGGTGTCTGCGGT-1",0
"ACATGGTGTGCAACTT-1",0
"ACATGGTTCCGCAAGC-1",0
"ACATGGTTCCTCCTAG-1",2.81224474026215
"ACATGGTTCTGGAGCC-1",2.6393904798448
"ACATGGTTCTTCTGGC-1",0
"ACCAGTAAGATCACGG-1",2.08409291695351
"ACCAGTAAGCTTCGCG-1",0
"ACCAGTACACAGATTC-1",1.70593547338393
"ACCAGTACACAGGCCT-1",0
"ACCAGTACAGTATGCT-1",1.95401084829981
"ACCAGTACAGTCAGAG-1",3.14358397094908
"ACCAGTACAGTTTACG-1",3.05557432745314
"ACCAGTAGTCACCCAG-1",2.14560021193091
"ACCAGTAGTCCATCCT-1",0
"ACCAGTAGTCTTCAAG-1",2.14560021193091
"ACCAGTAGTGGACGAT-1",1.65924073491792
"ACCAGTATCTGCGACG-1",1.71335126959398
"ACCAGTATCTGCTTGC-1",2.08409291695351
"ACCAGTATCTGTTTGT-1",5.62702085650046
"ACCCACTAGAGGTTAT-1",1.46275760086849
"ACCCACTAGATCCCGC-1",0
"ACCCACTAGATGTGTA-1",1.43801721308982
"ACCCACTAGCCCAATT-1",1.43899788613906
"ACCCACTCAAGGGTCA-1",0
"ACCCACTCAAGGTTCT-1",4.36560245707915
"ACCCACTGTAAATGAC-1",0
"ACCCACTGTAGCCTCG-1",0
"ACCCACTGTCAAAGAT-1",1.56220326605152
"ACCCACTGTCAATACC-1",0
"ACCCACTGTGTGGTTT-1",0
"ACCCACTTCGCAAACT-1",0
"ACCCACTTCTGCCAGG-1",1.35716679882967
"ACCGTAACAATCGGTT-1",0
"ACCGTAACAATCTACG-1",1.64762556764427
"ACCGTAACAGGTCCAC-1",0
"ACCGTAAGTACAGCAG-1",1.70042526017336
"ACCGTAAGTCATGCAT-1",0
"ACCGTAAGTGAGTGAC-1",0
"ACCGTAAGTTAAGAAC-1",3.36433996730904
"ACCGTAAGTTCCGTCT-1",2.71859188510252
"ACCGTAATCACATAGC-1",1.72918676816664
"ACCGTAATCATGTGGT-1",1.36060487500458
"ACCGTAATCTGAAAGA-1",0
"ACCTTTACAATCGGTT-1",0
"ACCTTTACACGGACAA-1",3.53349314884567
"ACCTTTACAGCAGTTT-1",0
"ACCTTTACATGCAACT-1",0
"ACCTTTACATTTCAGG-1",4.10363110922015
"ACCTTTAGTGAACCTT-1",0
"ACCTTTAGTTCCACTC-1",0
"ACCTTTATCTCTAGGA-1",0
"ACGAGCCAGGCAGGTT-1",11.7278673141423
"ACGAGCCCACAGGCCT-1",1.32934023152993
"ACGAGCCCATGGAATA-1",0
"ACGAGCCGTGCACGAA-1",0
"ACGAGCCGTGTGACCC-1",0
"ACGAGCCGTTGGTTTG-1",9.99440662033909
"ACGAGCCTCAGTCCCT-1",3.74939360224852
"ACGAGCCTCGCAAACT-1",1.72047038548075
"ACGAGGACACTACAGT-1",0
"ACGAGGACATGTAGTC-1",1.40953699762249
"ACGAGGAGTACACCGC-1",0
"ACGAGGAGTGCCTGCA-1",1.75561046564543
"ACGAGGAGTTCTGAAC-1",0
"ACGAGGATCTGCGGCA-1",2.14560021193091
"ACGATACAGAGTGACC-1",2.25699340106876
"ACGATACAGCGCCTTG-1",3.70644254907422
"ACGATACCACGTTGGC-1",1.75561046564543
"ACGATACCATTGGGCC-1",13.2730328550686
"ACGATACGTCGAATCT-1",0
"ACGATACTCTGACCTC-1",1.40953699762249
"ACGATGTAGTGCGATG-1",16.1828875972132
"ACGATGTAGTTGAGAT-1",0
"ACGATGTCAACGCACC-1",0
"ACGATGTCACACGCTG-1",0
"ACGATGTGTATTCTCT-1",0
"ACGATGTGTCAGTGGA-1",0
"ACGATGTGTGACTACT-1",4.44894682281126
"ACGATGTGTGTCGCTG-1",0
"ACGATGTTCGCGTAGC-1",1.56220326605152
"ACGATGTTCTCTTATG-1",3.39000121052405
"ACGCAGCAGCGGCTTC-1",0
"ACGCAGCAGCTGCGAA-1",0
"ACGCAGCAGTGTACGG-1",3.36433996730904
"ACGCAGCCACCTCGTT-1",1.7675908410758
"ACGCAGCCATCGACGC-1",0
"ACGCAGCCATTACCTT-1",0
"ACGCAGCGTCCATGAT-1",0
"ACGCAGCGTCTACCTC-1",1.79593833030302
"ACGCAGCGTCTGGTCG-1",0
"ACGCAGCGTGCGATAG-1",0
"ACGCCAGCAAAGCAAT-1",0
"ACGCCAGCAACGCACC-1",3.53349314884567
"ACGCCAGCACGAGAGT-1",1.87281826504998
"ACGCCAGCAGTGAGTG-1",0
"ACGCCAGGTGCACTTA-1",0
"ACGCCAGGTGTGCGTC-1",0
"ACGCCAGTCACAGGCC-1",0
"ACGCCAGTCAGTGTTG-1",0
"ACGCCGAAGAAACGCC-1",0
"ACGCCGAAGATCTGCT-1",1.32934023152993
"ACGCCGACAGCCTGTG-1",1.65648982452361
"ACGCCGAGTTCCAACA-1",0
"ACGCCGATCCTATGTT-1",0
"ACGCCGATCGCAGGCT-1",3.14358397094908
"ACGCCGATCTTGTATC-1",1.82458284121735
"ACGGAGAAGCCAGTTT-1",20.4837427761322
"ACGGAGACACACATGT-1",0
"ACGGAGACAGCCTGTG-1",0
"ACGGAGACAGCGTAAG-1",2.25699340106876
"ACGGAGACAGTAAGCG-1",1.36060487500458
"ACGGAGAGTGTGACGA-1",0
"ACGGAGATCCACGAAT-1",2.08409291695351
"ACGGCCACACATCCAA-1",0
"ACGGCCACACATTCGA-1",1.40953699762249
"ACGGCCAGTACCGTAT-1",0
"ACGGCCAGTGTATGGG-1",0
"ACGGCCATCACGGTTA-1",1.97189696193637
"ACGGCCATCAGTGTTG-1",0
"ACGGCCATCTACTATC-1",1.99148227932181
"ACGGGCTAGGATCGCA-1",0
"ACGGGCTAGGTTCCTA-1",0
"ACGGGCTAGTGGCACA-1",0
"ACGGGCTCATCTGGTA-1",2.08409291695351
"ACGGGCTGTGAGGCTA-1",0
"ACGGGCTTCCGAACGC-1",0
"ACGGGTCAGATGCCAG-1",0
"ACGGGTCCATGATCCA-1",8.62566699242031
"ACGGGTCCATTAGGCT-1",0
"ACGGGTCCATTTCACT-1",0
"ACGGGTCGTTAGGGTG-1",0
"ACGGGTCTCAACACCA-1",5.16007883753919
"ACGGGTCTCCACGCAG-1",16.5113184600348
"ACGTCAAAGGGCTTCC-1",20.8778865311741
"ACGTCAAAGTGGTAAT-1",0
"ACGTCAACAACTGCGC-1",1.95297183875224
"ACGTCAACACAAGACG-1",1.65924073491792
"ACGTCAAGTAGCTCCG-1",1.46275760086849
"ACGTCAAGTGTCGCTG-1",1.34277466391253
"ACGTCAAGTTATGCGT-1",0
"ACGTCAATCAACCAAC-1",0
"ACGTCAATCATAACCG-1",1.82023447116132
"ACGTCAATCCAGAAGG-1",2.26173094927769
"ACGTCAATCTAACTCT-1",5.16072717970145
"ACTATCTAGAGGTTAT-1",5.76937479269653
"ACTATCTAGATACACA-1",0
"ACTATCTAGGAGTAGA-1",1.75838777152377
"ACTATCTAGGCATGTG-1",1.82110205144729
"ACTATCTCAAATACAG-1",2.0491530953547
"ACTATCTCAAATTGCC-1",0
"ACTATCTGTAGGGACT-1",0
"ACTATCTGTCGCGTGT-1",1.77977734016826
"ACTATCTGTGCACGAA-1",13.7378584804244
"ACTATCTGTGGTTTCA-1",1.93704846870536
"ACTATCTTCGCCGTGA-1",0
"ACTGAACAGAGTGAGA-1",0
"ACTGAACAGATCCCGC-1",1.95089811949327
"ACTGAACAGGTGATAT-1",2.71859188510252
"ACTGAACCAAAGCGGT-1",0
"ACTGAACCAAGCGAGT-1",18.6684450132659
"ACTGAACCAATTCCTT-1",0
"ACTGAACCAGCTGGCT-1",1.91550807631439
"ACTGAACCAGTCTTCC-1",0
"ACTGAACCATTACCTT-1",3.58301368978505
"ACTGAACGTAAGCACG-1",0
"ACTGAACGTAATCGTC-1",1.8737509171921
"ACTGAACGTCCAGTAT-1",0
"ACTGAACGTCTGATCA-1",0
"ACTGAACTCCCACTTG-1",1.71671439966477
"ACTGAGTAGCCGGTAA-1",1.35716679882967
"ACTGAGTCAGTGGGAT-1",1.99148227932181
"ACTGAGTCATTTGCCC-1",0
"ACTGAGTGTAGAGCTG-1",0
"ACTGAGTGTTGTGGCC-1",2.71859188510252
"ACTGAGTTCAGGTTCA-1",2.25699340106876
"ACTGATGAGACAGACC-1",0
"ACTGATGAGCGGATCA-1",0
"ACTGATGAGGTGCTTT-1",1.35716679882967
"ACTGATGCAGCAGTTT-1",0
"ACTGATGCATCACAAC-1",0
"ACTGATGGTCATGCAT-1",0
"ACTGATGTCACAATGC-1",1.45289327865391
"ACTGATGTCACTCCTG-1",0
"ACTGATGTCCCTGACT-1",0
"ACTGATGTCCGCTGTT-1",2.67382284830196
"ACTGATGTCCGGCACA-1",0
"ACTGATGTCCTATTCA-1",1.60688281682492
"ACTGCTCAGAGCTTCT-1",0
"ACTGCTCAGATGCCTT-1",0
"ACTGCTCCACACCGCA-1",1.46275760086849
"ACTGCTCCAGATGGGT-1",1.7675908410758
"ACTGCTCCATGCCTAA-1",1.32934023152993
"ACTGCTCGTAGGCATG-1",0
"ACTGCTCGTATCACCA-1",0
"ACTGCTCGTCCGAAGA-1",1.97189696193637
"ACTGCTCTCCGAGCCA-1",1.12572980897621
"ACTGTCCAGAGGGCTT-1",1.87281826504998
"ACTGTCCAGCAGCGTA-1",0
"ACTGTCCAGGCATGGT-1",0
"ACTGTCCCAAGGTTTC-1",0
"ACTGTCCCAAGTACCT-1",0
"ACTGTCCCAGTATCTG-1",2.08409291695351
"ACTGTCCCATAGAAAC-1",1.91550807631439
"ACTGTCCGTTGAGGTG-1",1.60688281682492
"ACTGTCCTCCACGTGG-1",0
"ACTGTCCTCCTTGGTC-1",2.67382284830196
"ACTGTCCTCTCTGTCG-1",5.8017048565018
"ACTTACTAGCGATAGC-1",0
"ACTTACTAGGGATGGG-1",0
"ACTTACTCACAGACAG-1",3.14358397094908
"ACTTACTCACATTTCT-1",1.93704846870536
"ACTTACTGTACTCAAC-1",1.7675908410758
"ACTTACTGTTCCACAA-1",1.95089811949327
"ACTTACTTCATCGGAT-1",0
"ACTTGTTAGACAAGCC-1",0
"ACTTGTTAGCTAGCCC-1",20.0922710541656
"ACTTGTTAGTTACCCA-1",1.40953699762249
"ACTTGTTCACGACGAA-1",1.82458284121735
"ACTTGTTCACGGCTAC-1",2.14560021193091
"ACTTGTTGTATCGCAT-1",5.16072717970145
"ACTTGTTGTGGTAACG-1",4.10363110922015
"ACTTGTTGTTGTGGAG-1",0
"ACTTGTTTCATCACCC-1",1.69423300438744
"ACTTTCACATGGTCAT-1",1.45289327865391
"ACTTTCAGTGACTACT-1",0
"ACTTTCATCGCCAGCA-1",0
"AGAATAGAGCTGAACG-1",0
"AGAATAGAGCTGTCTA-1",3.83521299994268
"AGAATAGAGGTAGCTG-1",5.62702085650046
"AGAATAGCATGGTCTA-1",1.67987888376149
"AGAATAGGTATTCTCT-1",1.44516265397505
"AGAATAGGTGCGGTAA-1",2.01855170845776
"AGAATAGGTTAAGAAC-1",1.70593547338393
"AGAATAGTCAGGCCCA-1",0
"AGACGTTAGAATGTGT-1",0
"AGACGTTAGCTCCTCT-1",0
"AGACGTTAGTGCCAGA-1",0
"AGACGTTCAGGATCGA-1",0
"AGACGTTGTAGCTGCC-1",0
"AGACGTTGTCTGCAAT-1",1.93704846870536
"AGACGTTGTTCTGTTT-1",4.28582421083714
"AGACGTTTCGCATGGC-1",0
"AGACGTTTCGCTTAGA-1",0
"AGAGCGACAACTTGAC-1",0
"AGAGCGACAAGTACCT-1",1.56220326605152
"AGAGCGACACAACGTT-1",1.99148227932181
"AGAGCGACATGAGCGA-1",0
"AGAGCGAGTCAGTGGA-1",11.0587342945031
"AGAGCGAGTCGACTGC-1",1.46275760086849
"AGAGCGAGTTGAGTTC-1",3.89587145823543
"AGAGCGATCGCGTAGC-1",0
"AGAGCGATCTATCCTA-1",0
"AGAGCGATCTCGCTTG-1",0
"AGAGCTTAGCCGTCGT-1",0
"AGAGCTTAGTACACCT-1",0
"AGAGCTTAGTCATGCT-1",3.82579010380222
"AGAGCTTGTAGAGCTG-1",0
"AGAGCTTGTATCACCA-1",0
"AGAGCTTTCACTATTC-1",0
"AGAGCTTTCCTGCAGG-1",0
"AGAGCTTTCGCAAACT-1",1.75561046564543
"AGAGCTTTCGCTTAGA-1",1.78182890102545
"AGAGTGGAGAGCCTAG-1",0
"AGAGTGGAGGCCCTTG-1",3.83521299994268
"AGAGTGGAGGTACTCT-1",0
"AGAGTGGCACAAGACG-1",0
"AGAGTGGCACCTCGTT-1",0
"AGAGTGGCATCCGGGT-1",9.94684539311521
"AGAGTGGCATCTGGTA-1",3.53349314884567
"AGAGTGGGTCAGCTAT-1",0
"AGAGTGGGTCCTCCAT-1",4.28582421083714
"AGAGTGGGTCTAGTCA-1",4.47054534997224
"AGAGTGGGTTACCGAT-1",1.86724712895827
"AGATCTGAGGTGGGTT-1",0
"AGATCTGAGTCAAGGC-1",13.0736254888927
"AGATCTGCAATGTTGC-1",1.81763797610274
"AGATCTGTCGAATCCA-1",0
"AGATCTGTCTGCAGTA-1",5.76937479269653
"AGATTGCAGGCTACGA-1",0
"AGATTGCCACGACGAA-1",1.81763797610274
"AGATTGCCAGATGGGT-1",0
"AGATTGCGTAGAGCTG-1",1.17422552020476
"AGATTGCGTGATGTCT-1",0
"AGATTGCGTGTTCGAT-1",0
"AGATTGCGTTCACGGC-1",0
"AGATTGCTCACTGGGC-1",0
"AGATTGCTCATCTGTT-1",3.5993721777065
"AGCAGCCAGCTGATAA-1",1.75561046564543
"AGCAGCCCACCGAAAG-1",0
"AGCAGCCGTCGACTGC-1",2.14560021193091
"AGCAGCCGTCGCTTTC-1",1.40953699762249
"AGCAGCCGTCTAACGT-1",0
"AGCAGCCGTGTGAAAT-1",1.68701849187099
"AGCAGCCGTTTGTTGG-1",0
"AGCAGCCTCCAAACAC-1",3.70644254907422
"AGCATACAGTGGTAGC-1",0
"AGCATACAGTTGTCGT-1",2.71859188510252
"AGCATACGTCTTCTCG-1",5.06219008762755
"AGCATACGTTAAGTAG-1",0
"AGCATACTCCGTTGCT-1",3.6518796265744
"AGCCTAAAGATATGGT-1",0
"AGCCTAACAAAGCGGT-1",0
"AGCCTAACAGATAATG-1",0
"AGCCTAAGTACGAAAT-1",0
"AGCCTAAGTCACCTAA-1",0
"AGCCTAAGTGTGCCTG-1",0
"AGCCTAATCACCCGAG-1",0
"AGCCTAATCCAATGGT-1",1.89794210856257
"AGCCTAATCCTTGGTC-1",0
"AGCCTAATCTGTGCAA-1",0
"AGCCTAATCTGTTTGT-1",0
"AGCGGTCAGCGAAGGG-1",1.82458284121735
"AGCGGTCAGGTACTCT-1",0
"AGCGGTCAGTGACTCT-1",1.34110442770281
"AGCGGTCCAGCCTTGG-1",1.78182890102545
"AGCGGTCGTCCTAGCG-1",1.48825403874962
"AGCGGTCGTGGTGTAG-1",20.4837427761322
"AGCGGTCGTTAAGGGC-1",0
"AGCGGTCGTTTGCATG-1",1.93704846870536
"AGCGGTCTCCGAAGAG-1",0
"AGCGGTCTCCTCAATT-1",0
"AGCGGTCTCTGGGCCA-1",2.6393904798448
"AGCGTATAGAACTGTA-1",2.08409291695351
"AGCGTATAGCGATGAC-1",0
"AGCGTATAGGTACTCT-1",0
"AGCGTATGTTGAGGTG-1",0
"AGCGTATTCCAGAGGA-1",1.87281826504998
"AGCGTCGAGTTGAGTA-1",2.08409291695351
"AGCGTCGCAGGGATTG-1",20.8546920015227
"AGCGTCGTCTGAAAGA-1",0
"AGCTCCTAGACCTAGG-1",0
"AGCTCCTAGCGTTTAC-1",2.01855170845776
"AGCTCCTGTGTTTGTG-1",0
"AGCTCCTGTTGTCTTT-1",0
"AGCTCCTTCCGAATGT-1",0
"AGCTCCTTCTTGACGA-1",0
"AGCTCTCAGCGGATCA-1",0
"AGCTCTCAGCTGTTCA-1",1.40953699762249
"AGCTCTCAGGTGCTAG-1",1.45289327865391
"AGCTCTCCATACAGCT-1",1.87281826504998
"AGCTCTCGTCAGAGGT-1",0
"AGCTCTCGTGGGTCAA-1",0
"AGCTCTCTCACAACGT-1",0
"AGCTCTCTCTTGACGA-1",1.49412245867914
"AGCTTGAAGCATCATC-1",1.35716679882967
"AGCTTGAAGTAGCGGT-1",1.34277466391253
"AGCTTGAAGTTGTCGT-1",7.66306240163931
"AGCTTGACAATCCAAC-1",1.95401084829981
"AGCTTGACACCGATAT-1",1.69423300438744
"AGCTTGAGTCTACCTC-1",3.91858892235328
"AGCTTGAGTGCGCTTG-1",1.43801721308982
"AGCTTGAGTTACGCGC-1",12.4554730620964
"AGCTTGATCCTGCCAT-1",0
"AGCTTGATCTGCAAGT-1",2.08409291695351
"AGGCCACAGAGTAAGG-1",0
"AGGCCACAGGGTCTCC-1",0
"AGGCCACAGTACTTGC-1",20.8546920015227
"AGGCCACCAGGACCCT-1",1.79593833030302
"AGGCCACCATCAGTCA-1",3.6518796265744
"AGGCCACTCATGCTCC-1",0
"AGGCCACTCATTGCGA-1",0
"AGGCCGTAGGATCGCA-1",1.71335126959398
"AGGCCGTCACGTAAGG-1",1.86863594734354
"AGGCCGTCAGCTCGAC-1",0
"AGGCCGTCATCGTCGG-1",0
"AGGCCGTTCACGGTTA-1",12.6339582618817
"AGGCCGTTCGAACTGT-1",0
"AGGCCGTTCTCAAGTG-1",3.6518796265744
"AGGCCGTTCTGCTTGC-1",1.7675908410758
"AGGGAGTAGCCCAACC-1",0
"AGGGAGTAGGAGTACC-1",1.43899788613906
"AGGGAGTAGGCAGGTT-1",1.70556675785926
"AGGGAGTCACGAGAGT-1",12.6496673382387
"AGGGAGTCAGAAGCAC-1",0
"AGGGAGTCAGATCCAT-1",1.69169931933607
"AGGGAGTCATCGACGC-1",0
"AGGGAGTCATGCTAGT-1",1.75838777152377
"AGGGAGTGTCCATGAT-1",0
"AGGGAGTTCATAACCG-1",0
"AGGGATGAGCTCTCGG-1",1.14963232167946
"AGGGATGAGGAGTAGA-1",1.87281826504998
"AGGGATGAGTAGCGGT-1",1.59990646616855
"AGGGATGCAATGAATG-1",0
"AGGGATGCAATGGAGC-1",9.42277900721993
"AGGGATGCACAAGACG-1",1.75838777152377
"AGGGATGCACATTTCT-1",0
"AGGGATGCATGGTCTA-1",5.33777175128703
"AGGGATGGTTAAAGTG-1",1.79134292404771
"AGGGATGGTTATGCGT-1",0
"AGGGATGTCGTGACAT-1",1.34110442770281
"AGGGTGAAGATGGCGT-1",1.67987888376149
"AGGGTGAAGATGGGTC-1",1.78182890102545
"AGGGTGAAGGCTCAGA-1",0
"AGGGTGACACGAGAGT-1",1.95401084829981
"AGGGTGACAGATGGCA-1",0
"AGGGTGACAGATTGCT-1",5.76937479269653
"AGGGTGAGTACTCTCC-1",0
"AGGGTGAGTTATCGGT-1",1.7399468934154
"AGGGTGAGTTCTGAAC-1",0
"AGGGTGATCTCGCTTG-1",1.64762556764427
"AGGTCATAGAGCCCAA-1",6.73784656902999
"AGGTCATAGCCAGAAC-1",1.44516265397505
"AGGTCATAGGCATGGT-1",0
"AGGTCATAGGGAGTAA-1",1.70593547338393
"AGGTCATCACTCAGGC-1",0
"AGGTCATCACTCTGTC-1",4.4651092763633
"AGGTCATGTTCCACTC-1",0
"AGGTCATTCTCGTTTA-1",0
"AGGTCCGAGGATGCGT-1",0
"AGGTCCGGTGATGCCC-1",5.76937479269653
"AGGTCCGTCCATGAAC-1",1.14963232167946
"AGGTCCGTCGCCCTTA-1",0
"AGGTCCGTCTGCGTAA-1",1.78182890102545
"AGTAGTCAGACTGTAA-1",0
"AGTAGTCAGTACGACG-1",1.89361497818834
"AGTAGTCAGTTTAGGA-1",0
"AGTAGTCCAACTGGCC-1",1.7675908410758
"AGTAGTCGTGCAGACA-1",0
"AGTAGTCTCACCCGAG-1",0
"AGTCTTTAGGCAGTCA-1",0
"AGTCTTTCAAATCCGT-1",1.86863594734354
"AGTCTTTCATATACCG-1",1.50547893870156
"AGTCTTTGTGCTTCTC-1",0
"AGTCTTTGTGTCCTCT-1",1.34110442770281
"AGTCTTTTCGCAGGCT-1",0
"AGTCTTTTCGCGTAGC-1",3.83521299994268
"AGTCTTTTCGCTAGCG-1",0
"AGTCTTTTCGCTTGTC-1",1.44516265397505
"AGTCTTTTCTGACCTC-1",0
"AGTGAGGAGATAGCAT-1",1.34110442770281
"AGTGAGGCAGGTGCCT-1",0
"AGTGAGGGTATGAAAC-1",0
"AGTGAGGGTCACTTCC-1",0
"AGTGAGGGTCGCGAAA-1",1.69823341121723
"AGTGAGGGTTATGTGC-1",1.36060487500458
"AGTGAGGTCTACTATC-1",1.32934023152993
"AGTGGGAAGCAGACTG-1",0
"AGTGGGACAAACGCGA-1",0
"AGTGGGACAAGCCGTC-1",0
"AGTGGGACACAGGAGT-1",2.08409291695351
"AGTGGGACACGAGAGT-1",1.50547893870156
"AGTGGGATCATCGATG-1",1.46275760086849
"AGTGGGATCCACGAAT-1",0
"AGTGGGATCCTGCAGG-1",0
"AGTGTCAAGAAGCCCA-1",1.69169931933607
"AGTGTCAAGCTAGTCT-1",1.14963232167946
"AGTGTCAAGTACGACG-1",0
"AGTGTCAAGTGAACAT-1",1.59990646616855
"AGTGTCACACCATCCT-1",3.53349314884567
"AGTGTCACAGTAAGCG-1",1.86909947255371
"AGTGTCACAGTGGAGT-1",2.71859188510252
"AGTGTCAGTAAACCTC-1",7.13448554955361
"AGTGTCAGTACAGCAG-1",1.7675908410758
"AGTGTCAGTCTCCACT-1",13.2730328550686
"AGTGTCAGTTTGACTG-1",0
"AGTGTCATCAAAGTAG-1",1.78182890102545
"AGTGTCATCCGTCAAA-1",3.36433996730904
"AGTGTCATCGTTACAG-1",1.91550807631439
"AGTGTCATCTGTCAAG-1",1.93704846870536
"AGTTGGTAGACTGTAA-1",0
"AGTTGGTAGTACGCGA-1",0
"AGTTGGTCAAATTGCC-1",1.70593547338393
"AGTTGGTCAGGAATGC-1",3.35514728859626
"AGTTGGTCATGCGCAC-1",0
"AGTTGGTGTACCGTAT-1",0
"AGTTGGTGTATGCTTG-1",0
"AGTTGGTGTCAGGACA-1",0
"AGTTGGTGTTCAGACT-1",1.49412245867914
"AGTTGGTTCAGTACGT-1",1.49412245867914
"AGTTGGTTCCTCAACC-1",1.14963232167946
"AGTTGGTTCGTACCGG-1",0
"AGTTGGTTCTGTCCGT-1",0
"ATAACGCAGTTGAGTA-1",1.67987888376149
"ATAACGCCACGTGAGA-1",6.73784656902999
"ATAACGCGTGAACCTT-1",2.26173094927769
"ATAACGCGTGTCCTCT-1",1.72047038548075
"ATAACGCGTGTGAAAT-1",0
"ATAACGCTCTCCGGTT-1",2.26173094927769
"ATAAGAGAGTCCGGTC-1",1.78182890102545
"ATAAGAGCAACTGCGC-1",0
"ATAAGAGCAGTATCTG-1",1.49412245867914
"ATAAGAGGTGACGCCT-1",0
"ATAAGAGGTTAAAGTG-1",1.36082041988671
"ATAAGAGTCAGCACAT-1",1.43899788613906
"ATAAGAGTCAGTGCAT-1",0
"ATAGACCAGAGAGCTC-1",2.14560021193091
"ATAGACCAGCCCAATT-1",0
"ATAGACCCAAGCCATT-1",0
"ATAGACCCATCTGGTA-1",4.36560245707915
"ATAGACCGTATATGGA-1",1.70593547338393
"ATAGACCGTGGACGAT-1",0
"ATAGACCGTGGCGAAT-1",0
"ATAGACCGTTTCGCTC-1",3.6518796265744
"ATCACGAAGAACTCGG-1",0
"ATCACGAAGACACGAC-1",1.45289327865391
"ATCACGAAGTTACCCA-1",0
"ATCACGACAAGACACG-1",0
"ATCACGACAAGCGTAG-1",0
"ATCACGACACACATGT-1",0
"ATCACGACACCACCAG-1",5.16072717970145
"ATCACGACACGGTAAG-1",0
"ATCACGACAGCGAACA-1",1.17422552020476
"ATCACGATCCCGACTT-1",3.8395787468405
"ATCACGATCGGTGTCG-1",1.70042526017336
"ATCATCTAGCCTATGT-1",1.82110205144729
"ATCATCTAGGCCATAG-1",0
"ATCATCTAGTACTTGC-1",3.83521299994268
"ATCATCTCAGACGCCT-1",0
"ATCATCTCATCCGTGG-1",0
"ATCATCTGTATTACCG-1",0
"ATCATCTGTCACTTCC-1",0
"ATCATCTTCAGCGACC-1",1.79593833030302
"ATCATCTTCCTCAACC-1",1.34110442770281
"ATCATGGCAAGCGTAG-1",0
"ATCATGGCAAGGTTCT-1",0
"ATCATGGCACTACAGT-1",0
"ATCATGGGTAAGGGAA-1",0
"ATCATGGGTTGTGGCC-1",0
"ATCATGGTCAATAAGG-1",0
"ATCATGGTCCAATGGT-1",2.67382284830196
"ATCATGGTCGCCATAA-1",4.10363110922015
"ATCATGGTCGGTTAAC-1",1.77977734016826
"ATCCACCAGCTAGTCT-1",2.81224474026215
"ATCCACCAGGCTCTTA-1",0
"ATCCACCCAAACGTGG-1",2.01855170845776
"ATCCACCCAGTTAACC-1",5.62702085650046
"ATCCACCGTCCGAAGA-1",0
"ATCCACCGTTTGTTTC-1",3.70644254907422
"ATCCACCTCCTGCTTG-1",0
"ATCCACCTCCTTAATC-1",3.05557432745314
"ATCCACCTCTGGTATG-1",0
"ATCCGAAAGCGATGAC-1",0
"ATCCGAAAGCTAGGCA-1",3.05557432745314
"ATCCGAACAAACGTGG-1",0
"ATCCGAACAACAACCT-1",0
"ATCCGAACAAGGACTG-1",3.83521299994268
"ATCCGAACACCCATTC-1",0
"ATCCGAACACGGTAGA-1",0
"ATCCGAAGTAGCGCTC-1",0
"ATCCGAAGTCATTAGC-1",0
"ATCCGAAGTCTCTTAT-1",3.8395787468405
"ATCCGAATCCAACCAA-1",0
"ATCCGAATCCTTGACC-1",0
"ATCCGAATCTTGTCAT-1",1.70593547338393
"ATCGAGTAGACTTTCG-1",1.89794210856257
"ATCGAGTCATCCGGGT-1",0
"ATCGAGTGTCCCTTGT-1",1.91550807631439
"ATCGAGTGTCTCCCTA-1",0
"ATCGAGTTCATGCATG-1",1.71671439966477
"ATCGAGTTCCTGCCAT-1",1.89794210856257
"ATCTACTAGGTGTGGT-1",1.64762556764427
"ATCTACTCAGCTGTAT-1",0
"ATCTACTCAGTACACT-1",1.64189179728152
"ATCTACTCATGACATC-1",0
"ATCTACTGTAAGTAGT-1",0
"ATCTACTGTGTCGCTG-1",0
"ATCTACTTCCGCGTTT-1",0
"ATCTACTTCGCAAGCC-1",1.50547893870156
"ATCTACTTCTATCGCC-1",1.32934023152993
"ATCTACTTCTCTAAGG-1",3.75652904647769
"ATCTGCCAGGCTCAGA-1",1.70926277259295
"ATCTGCCGTACAGTTC-1",0
"ATCTGCCGTTGTGGAG-1",0
"ATCTGCCTCAGAGACG-1",0
"ATCTGCCTCAGCTGGC-1",1.64189179728152
"ATCTGCCTCGTACGGC-1",20.8778865311741
"ATCTGCCTCTCGAGTA-1",1.60688281682492
"ATCTGCCTCTGAGTGT-1",1.70926277259295
"ATCTGCCTCTTGTATC-1",3.75652904647769
"ATGAGGGAGGTCGGAT-1",3.14120511844231
"ATGAGGGCATGACGGA-1",1.82023447116132
"ATGAGGGCATTAGGCT-1",1.86909947255371
"ATGAGGGTCACATGCA-1",0
"ATGAGGGTCAGTCCCT-1",1.7399468934154
"ATGCGATAGTCAATAG-1",1.81763797610274
"ATGCGATCATGTTGAC-1",3.33258670702462
"ATGCGATGTGCAGTAG-1",2.84767971557316
"ATGCGATGTGCATCTA-1",9.94684539311521
"ATGCGATTCCCAAGAT-1",0
"ATGCGATTCGCCATAA-1",1.67775140648335
"ATGGGAGAGCAATATG-1",1.87281826504998
"ATGGGAGAGCCACGCT-1",3.4530360385079
"ATGGGAGAGGTGATAT-1",0
"ATGGGAGCACCAGGTC-1",1.69823341121723
"ATGGGAGCACTATCTT-1",1.64762556764427
"ATGGGAGCAGCATACT-1",0
"ATGGGAGCATAGAAAC-1",3.48336272316339
"ATGGGAGCATTACCTT-1",1.79134292404771
"ATGTGTGAGCGAAGGG-1",0
"ATGTGTGAGGGTTTCT-1",1.75561046564543
"ATGTGTGAGTTGAGTA-1",1.35716679882967
"ATGTGTGCACGGCGTT-1",0
"ATGTGTGCACGGTTTA-1",3.8395787468405
"ATGTGTGCAGTATAAG-1",1.14963232167946
"ATGTGTGTCACGCGGT-1",0
"ATTACTCAGATGTGTA-1",1.43899788613906
"ATTACTCAGCGTAATA-1",1.82023447116132
"ATTACTCAGGTGCACA-1",3.04432864607648
"ATTACTCAGTGAAGTT-1",0
"ATTACTCCAAACTGTC-1",2.0491530953547
"ATTACTCCACCATCCT-1",0
"ATTACTCCAGACTCGC-1",1.60688281682492
"ATTACTCCATATGCTG-1",8.62566699242031
"ATTACTCCATCGGTTA-1",0
"ATTACTCCATTGCGGC-1",0
"ATTACTCGTTAAAGAC-1",1.99148227932181
"ATTACTCTCCGAACGC-1",5.99127795394638
"ATTATCCAGAGTACCG-1",0
"ATTATCCAGCTTATCG-1",0
"ATTATCCCACAAGCCC-1",0
"ATTATCCCATATGAGA-1",1.73839957358052
"ATTATCCCATCTGGTA-1",3.14358397094908
"ATTATCCGTCGTTGTA-1",0
"ATTATCCGTCTCTCTG-1",0
"ATTATCCTCAACGGGA-1",1.75561046564543
"ATTATCCTCCGCGCAA-1",0
"ATTATCCTCTCCGGTT-1",1.34277466391253
"ATTCTACGTCACTTCC-1",0
"ATTCTACGTCTAGTCA-1",0
"ATTCTACGTTGTCGCG-1",0
"ATTGGACAGCAGATCG-1",0
"ATTGGACAGGGCATGT-1",1.82023447116132
"ATTGGACAGTGGACGT-1",0
"ATTGGACCAAGACACG-1",0
"ATTGGACGTAATAGCA-1",0
"ATTGGACTCCTGCTTG-1",1.65924073491792
"ATTGGACTCGGCGCAT-1",0
"ATTGGACTCGTTTGCC-1",1.83734307652052
"ATTGGTGAGAATGTTG-1",0
"ATTGGTGCAAGCTGAG-1",1.89794210856257
"ATTGGTGCAGCAGTTT-1",0
"ATTGGTGGTTGAGTTC-1",0
"ATTGGTGTCAAAGTAG-1",1.82458284121735
"ATTGGTGTCGGAAACG-1",0
"ATTTCTGAGGGATACC-1",0
"ATTTCTGAGGGATCTG-1",2.25699340106876
"ATTTCTGAGGTGTTAA-1",1.8737509171921
"ATTTCTGAGTCGAGTG-1",1.35716679882967
"ATTTCTGAGTTCGCAT-1",0
"ATTTCTGCAAGGTGTG-1",0
"ATTTCTGGTAGCTCCG-1",1.67987888376149
"ATTTCTGGTGCACGAA-1",0
"ATTTCTGGTTGCCTCT-1",0
"ATTTCTGTCAAAGTAG-1",0
"ATTTCTGTCAGCTCGG-1",0
"ATTTCTGTCTTGGGTA-1",0
"CAACCAAAGAAACGCC-1",0
"CAACCAAAGAGGGCTT-1",3.05557432745314
"CAACCAAAGCTGAAAT-1",2.81224474026215
"CAACCAAAGGACAGCT-1",0
"CAACCAAAGGGAGTAA-1",0
"CAACCAACATACGCTA-1",1.34277466391253
"CAACCTCAGTAATCCC-1",0
"CAACCTCCAGACGCAA-1",0
"CAACCTCGTGAGTGAC-1",1.89361497818834
"CAACCTCGTTCCACGG-1",0
"CAACCTCTCATACGGT-1",0
"CAACCTCTCCGATATG-1",0
"CAACCTCTCCTTTACA-1",0
"CAACCTCTCTCTAGGA-1",10.6832488776603
"CAACTAGAGAATAGGG-1",1.43801721308982
"CAACTAGAGGATGCGT-1",1.69423300438744
"CAACTAGCACCATCCT-1",0
"CAACTAGCAGACTCGC-1",0
"CAACTAGCAGTTCATG-1",1.81763797610274
"CAACTAGGTACGCACC-1",0
"CAACTAGTCAGGCCCA-1",0
"CAAGAAAAGAAGGACA-1",0
"CAAGAAAAGACGCACA-1",1.75838777152377
"CAAGAAAAGGCCCTTG-1",1.81763797610274
"CAAGAAAAGGTGATAT-1",2.84767971557316
"CAAGAAAAGTCGATAA-1",1.89361497818834
"CAAGAAAAGTGGAGTC-1",1.69823341121723
"CAAGAAAAGTGTACCT-1",1.50547893870156
"CAAGAAACACGGTGTC-1",0
"CAAGAAATCTGCTTGC-1",2.26173094927769
"CAAGATCAGCTGAAAT-1",0
"CAAGATCGTAAGAGGA-1",0
"CAAGATCGTGCCTTGG-1",0
"CAAGATCTCAACACCA-1",1.86909947255371
"CAAGATCTCTCGATGA-1",3.83521299994268
"CAAGGCCAGGAGTCTG-1",0
"CAAGGCCAGGCTATCT-1",1.69823341121723
"CAAGGCCCACGGTAAG-1",0
"CAAGGCCCATGTTCCC-1",5.76937479269653
"CAAGGCCGTCCGTCAG-1",0
"CAAGGCCTCAACGGGA-1",12.0855576887856
"CAAGGCCTCCTTGACC-1",0
"CAAGGCCTCGTGACAT-1",1.78182890102545
"CAAGTTGAGACAGGCT-1",0
"CAAGTTGAGATGTCGG-1",0
"CAAGTTGAGCGTCAAG-1",0
"CAAGTTGAGCGTTTAC-1",5.16072717970145
"CAAGTTGCACATTAGC-1",0
"CAAGTTGCACGCTTTC-1",1.69786877827459
"CAAGTTGCACGGTGTC-1",1.86724712895827
"CAAGTTGCATTCTTAC-1",0
"CAAGTTGGTACTCAAC-1",0
"CAAGTTGGTCAGGACA-1",1.82458284121735
"CAAGTTGGTCGGCACT-1",1.95297183875224
"CAAGTTGTCAACGAAA-1",2.71883501874335
"CAAGTTGTCACCACCT-1",1.82023447116132
"CAAGTTGTCATTGCCC-1",3.6518796265744
"CAAGTTGTCGAATCCA-1",1.70042526017336
"CAAGTTGTCTACTTAC-1",2.132383105178
"CACAAACAGGGCTCTC-1",0
"CACAAACAGGGCTTGA-1",2.71859188510252
"CACAAACAGTGACATA-1",1.83115487012744
"CACAAACCAACTGCGC-1",0
"CACAAACCAATAAGCA-1",1.71671439966477
"CACAAACCAATCAGAA-1",0
"CACAAACCACTTAACG-1",0
"CACAAACCATGAACCT-1",2.02025167330389
"CACAAACCATGGTCAT-1",0
"CACAAACGTCAACTGT-1",0
"CACAAACGTCAGAATA-1",0
"CACAAACTCTTCGGTC-1",1.79134292404771
"CACAAACTCTTGGGTA-1",2.26173094927769
"CACACAAAGCGACGTA-1",0
"CACACAAAGGGAGTAA-1",1.70926277259295
"CACACAACAAACGTGG-1",0
"CACACAACACATGACT-1",0
"CACACAACATCGATTG-1",13.7517607673177
"CACACAACATTGGGCC-1",0
"CACACAAGTACGACCC-1",0
"CACACAAGTCAGTGGA-1",0
"CACACAAGTCATCGGC-1",0
"CACACAAGTTTACTCT-1",0
"CACACAATCCACGTGG-1",0
"CACACAATCCACGTTC-1",1.82023447116132
"CACACAATCGGCGCAT-1",0
"CACACCTAGAGACTAT-1",1.71671439966477
"CACACCTAGGACATTA-1",0
"CACACCTAGTGTGAAT-1",3.48336272316339
"CACACCTCACTGAAGG-1",4.10363110922015
"CACACCTCATAGGATA-1",12.4132343404746
"CACACCTCATAGTAAG-1",0
"CACACCTCATTGGGCC-1",0
"CACACCTGTACAGCAG-1",0
"CACACCTGTACCGCTG-1",0
"CACACCTGTCCAAGTT-1",1.82458284121735
"CACACCTGTGGACGAT-1",0
"CACACCTGTGGTCTCG-1",0
"CACACCTTCATGTCTT-1",0
"CACACCTTCTGGCGAC-1",1.69823341121723
"CACACTCAGGGAAACA-1",0
"CACACTCCAACACCTA-1",1.68701849187099
"CACACTCCAAGGGTCA-1",0
"CACACTCGTGACGCCT-1",1.81763797610274
"CACACTCGTTTGTGTG-1",1.95297183875224
"CACAGGCAGCCATCGC-1",0
"CACAGGCAGGGATGGG-1",3.06187236493098
"CACAGGCCAAGAGTCG-1",0
"CACAGGCCAATGGAGC-1",1.95401084829981
"CACAGGCGTCTAGGTT-1",0
"CACAGGCGTTACGCGC-1",1.43899788613906
"CACAGGCTCGGGAGTA-1",5.62702085650046
"CACAGGCTCTATGTGG-1",0
"CACAGTAAGACGCAAC-1",0
"CACAGTAAGACGCACA-1",3.41190325085093
"CACAGTAAGTGGGCTA-1",0
"CACAGTACAACTGGCC-1",0
"CACAGTACATCGGACC-1",0
"CACAGTAGTTCCATGA-1",0
"CACATAGAGCCCAATT-1",3.5993721777065
"CACATAGAGTGTACTC-1",0
"CACATAGCACTTCTGC-1",0
"CACATAGCAGGGTATG-1",1.69423300438744
"CACATAGTCCTTGCCA-1",1.73839957358052
"CACATAGTCGGCGCAT-1",0
"CACATTTAGCAGATCG-1",0
"CACATTTAGGGCACTA-1",1.82023447116132
"CACATTTCACGGCGTT-1",0
"CACATTTCATTACCTT-1",3.89587145823543
"CACATTTGTCGAACAG-1",4.4651092763633
"CACATTTGTGTTGAGG-1",1.36082041988671
"CACATTTTCCAGAGGA-1",16.5113184600348
"CACATTTTCCGCATCT-1",0
"CACATTTTCTACTATC-1",1.89794210856257
"CACATTTTCTGTGCAA-1",3.91858892235328
"CACCACTAGCCACGTC-1",0
"CACCACTAGTGGTAAT-1",1.7399468934154
"CACCACTAGTTACCCA-1",1.78182890102545
"CACCACTCAAGCCCAC-1",1.89794210856257
"CACCACTCAGTTCATG-1",1.97189696193637
"CACCACTGTTATTCTC-1",0
"CACCACTTCACCGGGT-1",0
"CACCACTTCGAATCCA-1",0
"CACCACTTCGACCAGC-1",0
"CACCACTTCTAACCGA-1",0
"CACCACTTCTTTAGTC-1",0
"CACCAGGCACATTAGC-1",0
"CACCAGGCACTGCCAG-1",0
"CACCAGGCATAAAGGT-1",0
"CACCAGGCATGAACCT-1",0
"CACCAGGGTGAAATCA-1",0
"CACCAGGGTGTTTGGT-1",1.78182890102545
"CACCAGGGTTATCACG-1",1.86909947255371
"CACCAGGTCATGTAGC-1",2.84767971557316
"CACCAGGTCTGCTTGC-1",1.78182890102545
"CACCTTGAGACTTGAA-1",0
"CACCTTGAGTCAATAG-1",8.47226587502327
"CACCTTGCAGGCGATA-1",1.70042526017336
"CACCTTGCATTCCTGC-1",0
"CACCTTGGTCATTAGC-1",1.35716679882967
"CACCTTGGTGATGTCT-1",3.4530360385079
"CACCTTGGTTATGTGC-1",0
"CACCTTGTCAACCATG-1",1.70926277259295
"CACCTTGTCATTATCC-1",20.8546920015227
"CACCTTGTCCAAAGTC-1",1.82023447116132
"CACCTTGTCTCACATT-1",3.70644254907422
"CACTCCAAGACAAGCC-1",0
"CACTCCAAGGTACTCT-1",0
"CACTCCACAATGGACG-1",5.16072717970145
"CACTCCAGTACATGTC-1",0
"CACTCCAGTTGTCGCG-1",0
"CACTCCATCAACACAC-1",3.48336272316339
"CACTCCATCCCAGGTG-1",18.6684450132659
"CAGAATCAGAAACCTA-1",1.71335126959398
"CAGAATCAGCCAACAG-1",4.28582421083714
"CAGAATCAGCTGGAAC-1",2.14560021193091
"CAGAATCAGGACTGGT-1",0
"CAGAATCAGTATCGAA-1",0
"CAGAATCCACAGAGGT-1",1.44516265397505
"CAGAATCCAGGGTACA-1",0
"CAGAATCGTAAGTGTA-1",0
"CAGAATCGTAATCACC-1",3.09021674882426
"CAGAATCTCAGTTTGG-1",0
"CAGAATCTCGCAAGCC-1",0
"CAGAATCTCGGTCCGA-1",0
"CAGAATCTCTTGCAAG-1",1.95297183875224
"CAGAATCTCTTGTACT-1",3.89587145823543
"CAGAGAGAGAATTGTG-1",1.64762556764427
"CAGAGAGAGCAATATG-1",0
"CAGAGAGCAAGAAGAG-1",1.78182890102545
"CAGAGAGCACCAGATT-1",6.73784656902999
"CAGAGAGGTAATCACC-1",1.70926277259295
"CAGAGAGGTAGCTGCC-1",5.76937479269653
"CAGAGAGGTAGGACAC-1",1.87281826504998
"CAGAGAGGTATAGGGC-1",1.79593833030302
"CAGAGAGGTCCGAATT-1",18.3216501328439
"CAGAGAGGTTGAGGTG-1",2.14560021193091
"CAGAGAGTCACCCGAG-1",0
"CAGAGAGTCATAACCG-1",1.91550807631439
"CAGAGAGTCCGAACGC-1",0
"CAGAGAGTCTGGTATG-1",3.09021674882426
"CAGATCAAGAGACGAA-1",13.2730328550686
"CAGATCAAGCACCGTC-1",3.89587145823543
"CAGATCAAGCTTCGCG-1",1.95297183875224
"CAGATCAAGGATTCGG-1",0
"CAGATCAAGTGTACCT-1",1.70593547338393
"CAGATCAAGTTTAGGA-1",4.47054534997224
"CAGATCACAATAACGA-1",0
"CAGATCACACACCGAC-1",0
"CAGATCACACGGTAAG-1",0
"CAGATCACACTCTGTC-1",0
"CAGATCACAGCATACT-1",1.69423300438744
"CAGATCACAGTGGGAT-1",1.32934023152993
"CAGATCAGTACCAGTT-1",0
"CAGATCAGTGCGGTAA-1",4.44894682281126
"CAGATCATCTGATTCT-1",0
"CAGCAGCAGATGCCAG-1",0
"CAGCAGCAGGGAACGG-1",0
"CAGCAGCCACCTATCC-1",4.36560245707915
"CAGCAGCCATCACAAC-1",0
"CAGCAGCTCAACACTG-1",2.26173094927769
"CAGCAGCTCGAACTGT-1",2.08409291695351
"CAGCAGCTCGCCGTGA-1",9.94684539311521
"CAGCATAAGAGACGAA-1",1.69169931933607
"CAGCATAGTCTAGGTT-1",7.92142273869662
"CAGCATAGTTTACTCT-1",2.71859188510252
"CAGCATATCACGAAGG-1",5.76937479269653
"CAGCATATCAGGCAAG-1",8.42630192755521
"CAGCATATCCTTAATC-1",1.43899788613906
"CAGCCGAAGCATCATC-1",0
"CAGCCGAAGTTTCCTT-1",0
"CAGCCGACACGTGAGA-1",18.6684450132659
"CAGCCGACATCAGTCA-1",3.48336272316339
"CAGCCGAGTGATGTCT-1",1.70593547338393
"CAGCCGATCACCAGGC-1",1.91550807631439
"CAGCCGATCCTCAATT-1",0
"CAGCGACAGAAACGCC-1",0
"CAGCGACAGCGTCAAG-1",0
"CAGCGACCAAACGTGG-1",0
"CAGCGACCAAAGCGGT-1",0
"CAGCGACCACGTCAGC-1",0
"CAGCGACCATGGGACA-1",3.39000121052405
"CAGCGACGTCTGATTG-1",2.132383105178
"CAGCGACGTGGACGAT-1",2.26173094927769
"CAGCGACGTGGTTTCA-1",0
"CAGCGACGTTCGGCAC-1",1.89361497818834
"CAGCGACTCCGCAAGC-1",18.3216501328439
"CAGCGACTCTGGGCCA-1",1.7675908410758
"CAGCTAAAGATGTGTA-1",4.56192613560732
"CAGCTAAAGCAGACTG-1",0
"CAGCTAAAGCTGTTCA-1",0
"CAGCTAAAGGAGCGTT-1",0
"CAGCTAACACAGATTC-1",0
"CAGCTAACATCAGTAC-1",1.75561046564543
"CAGCTAAGTAATCGTC-1",0
"CAGCTAAGTCTCACCT-1",0
"CAGCTAAGTTCGTCTC-1",1.43899788613906
"CAGCTAATCCACGCAG-1",0
"CAGCTAATCCCTAACC-1",11.0070130129997
"CAGCTAATCTGGTTCC-1",15.0872405590113
"CAGCTAATCTTAGCCC-1",1.45289327865391
"CAGCTAATCTTCGGTC-1",0
"CAGCTGGAGACACTAA-1",0
"CAGCTGGAGATCCTGT-1",3.75652904647769
"CAGCTGGCACCAACCG-1",2.14560021193091
"CAGCTGGCAGTGGAGT-1",1.14963232167946
"CAGCTGGCATGCATGT-1",1.43899788613906
"CAGCTGGTCTACCTGC-1",0
"CAGGTGCAGAGACGAA-1",1.44516265397505
"CAGGTGCAGATCCTGT-1",0
"CAGGTGCAGGCATGTG-1",2.01855170845776
"CAGGTGCCAGGAACGT-1",1.82023447116132
"CAGGTGCCATAGTAAG-1",2.71859188510252
"CAGGTGCCATCGGAAG-1",3.89587145823543
"CAGGTGCTCAGTTGAC-1",0
"CAGGTGCTCCAAGTAC-1",11.2699427978853
"CAGGTGCTCTTGTATC-1",2.0491530953547
"CAGTAACAGATATGGT-1",0
"CAGTAACAGATGGCGT-1",1.43899788613906
"CAGTAACCAATCACAC-1",13.0736254888927
"CAGTAACCACTCGACG-1",0
"CAGTAACGTGATAAGT-1",0
"CAGTAACGTGCACCAC-1",0
"CAGTAACTCAGAGGTG-1",1.69823341121723
"CAGTAACTCGTACGGC-1",4.56192613560732
"CAGTAACTCGTGACAT-1",1.68701849187099
"CAGTAACTCTGCCAGG-1",1.82458284121735
"CAGTCCTAGAATCTCC-1",0
"CAGTCCTAGATCTGCT-1",0
"CAGTCCTCAGTATAAG-1",0
"CAGTCCTTCAACACGT-1",3.53349314884567
"CAGTCCTTCCATGAGT-1",0
"CAGTCCTTCCCGACTT-1",3.48336272316339
"CAGTCCTTCCCTTGTG-1",0
"CAGTCCTTCGAACGGA-1",1.43386668376264
"CAGTCCTTCGGTTCGG-1",0
"CAGTCCTTCTACTTAC-1",0
"CATATGGAGAGATGAG-1",1.95401084829981
"CATATGGAGGCATGGT-1",1.7675908410758
"CATATGGAGTATTGGA-1",1.67775140648335
"CATATGGCAAGCGTAG-1",0
"CATATGGGTCGCATAT-1",22.7232258734062
"CATATGGTCATTATCC-1",0
"CATATGGTCATTGCGA-1",0
"CATATTCCACCACCAG-1",0
"CATATTCGTGACTACT-1",3.05557432745314
"CATATTCGTGGTACAG-1",20.4837427761322
"CATATTCGTGTGACGA-1",1.87890179222575
"CATATTCTCACAGGCC-1",0
"CATATTCTCGCAAACT-1",15.2279451033895
"CATCAAGAGAACTCGG-1",0
"CATCAAGAGATGGCGT-1",20.4837427761322
"CATCAAGAGCCGCCTA-1",0
"CATCAAGCACGAAACG-1",0
"CATCAAGCAGCCTTTC-1",3.75652904647769
"CATCAAGCATGGAATA-1",5.16007883753919
"CATCAAGGTTACTGAC-1",1.82110205144729
"CATCAAGGTTCCATGA-1",1.87281826504998
"CATCAAGTCTAAGCCA-1",0
"CATCAAGTCTGACCTC-1",0
"CATCAGAAGCTAGTCT-1",0
"CATCAGACAAGCCATT-1",0
"CATCAGACAATGACCT-1",1.34277466391253
"CATCAGACACGGCCAT-1",1.97189696193637
"CATCAGACAGACAGGT-1",1.46275760086849
"CATCAGACATAACCTG-1",1.95297183875224
"CATCAGAGTAATTGGA-1",5.33777175128703
"CATCAGAGTACATGTC-1",0
"CATCAGAGTGTTAAGA-1",1.95297183875224
"CATCAGAGTTCAACCA-1",0
"CATCAGATCGTTGACA-1",1.59990646616855
"CATCCACGTAAAGTCA-1",2.81224474026215
"CATCCACGTACCGTAT-1",1.43899788613906
"CATCCACGTGCCTGTG-1",0
"CATCCACGTTTAAGCC-1",0
"CATCGAAAGAGTACAT-1",0
"CATCGAAAGCTGTCTA-1",0
"CATCGAACAAGAGGCT-1",3.14358397094908
"CATCGAACAAGCTGAG-1",1.95401084829981
"CATCGAACACATTTCT-1",0
"CATCGAACATAAAGGT-1",3.4530360385079
"CATCGAAGTAGTACCT-1",1.70042526017336
"CATCGAAGTCCGACGT-1",1.99148227932181
"CATCGAAGTGCACTTA-1",1.71671439966477
"CATCGAATCAAACCAC-1",1.94163663827793
"CATCGAATCCGCGGTA-1",1.86863594734354
"CATCGAATCCGTAGTA-1",0
"CATCGGGAGAAGCCCA-1",1.81763797610274
"CATCGGGAGCGAGAAA-1",3.58301368978505
"CATCGGGAGGGTGTGT-1",0
"CATCGGGAGGTGTTAA-1",0
"CATCGGGAGTGACTCT-1",0
"CATCGGGCACTCAGGC-1",0
"CATCGGGCAGACGCTC-1",0
"CATCGGGCATCACAAC-1",1.89361497818834
"CATCGGGGTCCTCTTG-1",1.56220326605152
"CATCGGGGTGAGGGAG-1",0
"CATCGGGGTTCGAATC-1",1.95297183875224
"CATCGGGTCAGGATCT-1",1.82023447116132
"CATCGGGTCCACGAAT-1",0
"CATCGGGTCGATGAGG-1",0
"CATGACAAGACCACGA-1",1.82458284121735
"CATGACAAGCTCCTCT-1",0
"CATGACAAGTAACCCT-1",1.43386668376264
"CATGACAAGTATCTCG-1",0
"CATGACAGTCGTCTTC-1",1.34277466391253
"CATGACAGTGAACCTT-1",4.50902080214955
"CATGACATCAATAAGG-1",2.67382284830196
"CATGACATCTAACTGG-1",1.67987888376149
"CATGCCTAGACCTAGG-1",3.53349314884567
"CATGCCTAGAGTCTGG-1",0
"CATGCCTCACCACCAG-1",3.91858892235328
"CATGCCTGTCAAAGCG-1",0
"CATGCCTGTCGATTGT-1",0
"CATGCCTTCCACGACG-1",1.75561046564543
"CATGCCTTCCTCATTA-1",3.74939360224852
"CATGCCTTCGCATGAT-1",1.89794210856257
"CATGGCGAGAGCTGGT-1",0
"CATGGCGAGTACGACG-1",1.95089811949327
"CATGGCGTCCAAAGTC-1",1.40953699762249
"CATGGCGTCCCTTGTG-1",1.78182890102545
"CATGGCGTCGGCCGAT-1",0
"CATGGCGTCTCAAACG-1",3.48336272316339
"CATGGCGTCTGCCCTA-1",3.17600877103057
"CATTATCAGACCCACC-1",0
"CATTATCAGTCCCACG-1",5.16072717970145
"CATTATCCAAGTCTGT-1",1.56220326605152
"CATTATCCAGGGCATA-1",18.5893772980481
"CATTATCGTCAATGTC-1",0
"CATTATCTCACAAACC-1",1.94163663827793
"CATTATCTCAGATAAG-1",0
"CATTATCTCGCGTTTC-1",0
"CATTATCTCGTTGCCT-1",3.33258670702462
"CATTATCTCTATCCCG-1",2.0491530953547
"CATTATCTCTTAACCT-1",3.48336272316339
"CATTCGCAGGTGCTAG-1",9.99440662033909
"CATTCGCCAAGGGTCA-1",1.77977734016826
"CATTCGCCAGCCTATA-1",5.62702085650046
"CATTCGCCATACAGCT-1",1.50547893870156
"CATTCGCCATGGATGG-1",0
"CATTCGCCATGTCTCC-1",1.69423300438744
"CATTCGCCATTCACTT-1",0
"CATTCGCGTAGCACGA-1",1.78182890102545
"CATTCGCTCATCACCC-1",0
"CCAATCCAGACCACGA-1",1.95089811949327
"CCAATCCAGATATGGT-1",1.43386668376264
"CCAATCCAGTCGAGTG-1",5.76937479269653
"CCAATCCAGTCGTTTG-1",1.75838777152377
"CCAATCCAGTTTAGGA-1",2.01855170845776
"CCAATCCCAAGCGAGT-1",1.12572980897621
"CCAATCCTCGGACAAG-1",0
"CCACCTAAGGATGGTC-1",3.06187236493098
"CCACCTAAGTCGAGTG-1",2.08409291695351
"CCACCTAAGTGGGATC-1",1.86909947255371
"CCACCTAAGTGTGGCA-1",1.97189696193637
"CCACCTACAACAACCT-1",1.67563051423948
"CCACCTACAAGCCGCT-1",0
"CCACCTACAATCTACG-1",0
"CCACCTAGTAGTACCT-1",3.48336272316339
"CCACCTAGTCGCGTGT-1",1.68701849187099
"CCACCTAGTGGGTCAA-1",0
"CCACCTATCAGTTGAC-1",0
"CCACCTATCTGATACG-1",20.657401784877
"CCACGGAAGGGAACGG-1",0
"CCACGGACATGTCGAT-1",0
"CCACGGAGTAAGGGCT-1",0
"CCACGGAGTCAGATAA-1",0
"CCACGGAGTCCGTGAC-1",0
"CCACGGAGTGTAATGA-1",0
"CCACGGAGTTCTGAAC-1",1.46275760086849
"CCACGGATCACATAGC-1",0
"CCACGGATCCACGTGG-1",0
"CCACGGATCTACTATC-1",0
"CCACGGATCTAGAGTC-1",0
"CCACTACAGAGTACCG-1",0
"CCACTACAGCTTTGGT-1",1.70926277259295
"CCACTACCAGCAGTTT-1",9.94684539311521
"CCACTACCAGTAGAGC-1",0
"CCACTACGTCCGAATT-1",4.36560245707915
"CCACTACGTCTCAACA-1",1.99148227932181
"CCACTACGTGACAAAT-1",0
"CCACTACGTGACCAAG-1",1.97189696193637
"CCACTACGTGCACGAA-1",1.93704846870536
"CCACTACTCACTCTTA-1",1.69423300438744
"CCACTACTCCGCATCT-1",0
"CCACTACTCGGAAATA-1",1.77977734016826
"CCACTACTCTCGTATT-1",0
"CCACTACTCTCGTTTA-1",0
"CCAGCGAAGCCCAACC-1",5.62702085650046
"CCAGCGACATCGGGTC-1",7.80132339833563
"CCAGCGACATGTCCTC-1",0
"CCAGCGAGTAGGCATG-1",5.76937479269653
"CCAGCGAGTCCGTTAA-1",0
"CCAGCGATCAGAAATG-1",0
"CCATGTCAGCGATCCC-1",0
"CCATGTCAGGTCGGAT-1",3.89587145823543
"CCATGTCAGGTTACCT-1",0
"CCATGTCCAAGCTGGA-1",4.36560245707915
"CCATGTCCACATCCGG-1",0
"CCATGTCGTCCAGTAT-1",2.08409291695351
"CCATGTCTCCAAGTAC-1",0
"CCATGTCTCTTGTATC-1",0
"CCATTCGCAGTACACT-1",0
"CCATTCGCAGTTTACG-1",0
"CCATTCGGTAATCGTC-1",1.69423300438744
"CCATTCGGTATTACCG-1",0
"CCCAATCAGTCACGCC-1",1.86724712895827
"CCCAATCCAGGTGGAT-1",0
"CCCAATCGTGAAGGCT-1",1.75561046564543
"CCCAATCGTTGGAGGT-1",0
"CCCAATCTCACATGCA-1",0
"CCCAATCTCCAGTATG-1",1.86909947255371
"CCCAATCTCGGAGCAA-1",16.5113184600348
"CCCAGTTAGAATAGGG-1",6.73784656902999
"CCCAGTTAGATCCCGC-1",0
"CCCAGTTAGCGTGAAC-1",1.81763797610274
"CCCAGTTAGGAATCGC-1",0
"CCCAGTTAGTCCGGTC-1",1.56220326605152
"CCCAGTTAGTTTGCGT-1",2.01855170845776
"CCCAGTTGTACATGTC-1",0
"CCCAGTTGTCTGCAAT-1",2.90626087019646
"CCCAGTTTCTGAAAGA-1",2.84767971557316
"CCCATACAGGGTTCCC-1",0
"CCCATACAGTGTTTGC-1",0
"CCCATACCAAAGGTGC-1",0
"CCCATACCAACACCCG-1",5.62702085650046
"CCCATACCAGCAGTTT-1",5.62702085650046
"CCCATACGTATTACCG-1",3.6518796265744
"CCCATACGTCAATACC-1",1.70926277259295
"CCCATACGTCTAGTCA-1",0
"CCCATACGTTGAGTTC-1",2.132383105178
"CCCATACTCAATAAGG-1",2.71883501874335
"CCCATACTCAGCGACC-1",0
"CCCATACTCATCACCC-1",0
"CCCATACTCCGTAGGC-1",3.6518796265744
"CCCTCCTAGGAATCGC-1",0
"CCCTCCTCAGCTTAAC-1",0
"CCCTCCTCATATGAGA-1",0
"CCCTCCTCATCACGTA-1",1.45289327865391
"CCCTCCTGTATGGTTC-1",1.63056832072081
"CCCTCCTGTTAGATGA-1",1.44516265397505
"CCCTCCTTCAATCACG-1",0
"CCCTCCTTCCGCAGTG-1",0
"CCGGGATAGCTTCGCG-1",0
"CCGGGATAGGCGACAT-1",1.79593833030302
"CCGGGATAGGCTAGGT-1",0
"CCGGGATCACAGTCGC-1",0
"CCGGGATGTATAGGTA-1",3.01213807389799
"CCGGGATTCAGAGCTT-1",1.82023447116132
"CCGGGATTCGCTAGCG-1",2.14560021193091
"CCGGGATTCGCTTGTC-1",0
"CCGGTAGAGCGTCTAT-1",1.69423300438744
"CCGGTAGAGTACGCCC-1",0
"CCGGTAGCACATAACC-1",20.8546920015227
"CCGGTAGCACGCATCG-1",0
"CCGGTAGGTACTTCTT-1",0
"CCGGTAGGTCAAACTC-1",0
"CCGGTAGTCGTCCGTT-1",1.49412245867914
"CCGTACTAGAGAACAG-1",0
"CCGTACTAGTCCGTAT-1",0
"CCGTACTCAAGCCCAC-1",1.99148227932181
"CCGTACTCAAGCGAGT-1",20.8778865311741
"CCGTACTCATCCCACT-1",0
"CCGTACTGTACAGCAG-1",1.73839957358052
"CCGTACTGTGCGGTAA-1",0
"CCGTACTTCGTTACAG-1",0
"CCGTGGAAGACGCACA-1",0
"CCGTGGAAGAGTTGGC-1",2.0491530953547
"CCGTGGAAGGTGATAT-1",2.71859188510252
"CCGTGGAAGGTTCCTA-1",2.26173094927769
"CCGTGGACAGCCTTGG-1",0
"CCGTGGAGTTCCATGA-1",0
"CCGTGGATCTAACTTC-1",1.79593833030302
"CCGTTCAAGCGTAATA-1",3.14358397094908
"CCGTTCAAGTACGATA-1",12.749972473599
"CCGTTCAAGTAGATGT-1",0
"CCGTTCACAGGATCGA-1",0
"CCGTTCAGTATAGGGC-1",0
"CCGTTCAGTCGCGAAA-1",3.81640295394429
"CCGTTCATCGTACCGG-1",3.53349314884567
"CCTAAAGAGAGTTGGC-1",0
"CCTAAAGCAAACCTAC-1",0
"CCTAAAGCATGTCTCC-1",0
"CCTAAAGGTACTCAAC-1",1.63056832072081
"CCTAAAGGTCGGCACT-1",1.50547893870156
"CCTAAAGGTGTAATGA-1",7.80132339833563
"CCTAAAGTCACCGTAA-1",1.7675908410758
"CCTAAAGTCAGCGATT-1",1.49412245867914
"CCTAAAGTCGGCGCTA-1",0
"CCTAAAGTCGGTCCGA-1",0
"CCTACACAGGACCACA-1",0
"CCTACACAGGGTGTTG-1",1.59990646616855
"CCTACACCAGTAAGAT-1",4.4651092763633
"CCTACACGTATAGTAG-1",0
"CCTACACGTCCGAACC-1",1.2798371326043
"CCTACACGTGGGTCAA-1",0
"CCTACACGTTTGACTG-1",1.70593547338393
"CCTACACTCGGCGCTA-1",1.70926277259295
"CCTACACTCGTGACAT-1",0
"CCTACCAAGATAGGAG-1",0
"CCTACCAAGCAAATCA-1",0
"CCTACCAAGCGTAGTG-1",3.74939360224852
"CCTACCAAGTGCGATG-1",1.93704846870536
"CCTACCAGTATCAGTC-1",0
"CCTACCAGTCTCTCTG-1",0
"CCTACCAGTCTTTCAT-1",0
"CCTACCATCAGCACAT-1",0
"CCTACCATCGCCAGCA-1",0
"CCTAGCTAGCAAATCA-1",0
"CCTAGCTAGCTCCTCT-1",4.36560245707915
"CCTAGCTAGGTTACCT-1",0
"CCTAGCTAGTACGCGA-1",1.67563051423948
"CCTAGCTCAATGAATG-1",0
"CCTAGCTCAATGGTCT-1",0
"CCTAGCTCACATCCAA-1",1.67563051423948
"CCTAGCTCAGCCAGAA-1",18.4480193961826
"CCTAGCTGTAGAAAGG-1",0
"CCTAGCTGTCACCCAG-1",0
"CCTAGCTGTCTGATTG-1",1.45289327865391
"CCTAGCTTCACGATGT-1",1.71335126959398
"CCTAGCTTCGTAGGAG-1",1.45289327865391
"CCTATTAAGAATTCCC-1",1.2798371326043
"CCTATTAAGCAGGCTA-1",1.83115487012744
"CCTATTAAGCAGGTCA-1",4.36560245707915
"CCTATTAAGGGAGTAA-1",0
"CCTATTAAGGTAGCCA-1",0
"CCTATTACACAACTGT-1",3.14358397094908
"CCTATTACACATCCGG-1",1.95297183875224
"CCTATTAGTCAATACC-1",0
"CCTATTATCATCACCC-1",0
"CCTATTATCTGCGACG-1",1.56220326605152
"CCTCAGTAGCTAACTC-1",0
"CCTCAGTCAGGTGGAT-1",1.7675908410758
"CCTCAGTGTCCATCCT-1",1.39864534214568
"CCTCAGTGTCCGACGT-1",9.42277900721993
"CCTCAGTGTCTTGTCC-1",3.14358397094908
"CCTCAGTGTGGGTATG-1",0
"CCTCTGAAGTATCGAA-1",0
"CCTCTGAAGTGGGTTG-1",0
"CCTCTGACAAGCTGTT-1",3.70644254907422
"CCTCTGACACCGATAT-1",1.83115487012744
"CCTCTGACAGATGAGC-1",0
"CCTCTGAGTCAATACC-1",2.71859188510252
"CCTCTGAGTCCGAACC-1",12.4132343404746
"CCTCTGAGTCGTGGCT-1",1.68701849187099
"CCTCTGAGTCTGATTG-1",5.76937479269653
"CCTTACGCAAGCGTAG-1",1.77977734016826
"CCTTACGCACCAACCG-1",0
"CCTTACGGTCATCCCT-1",0
"CCTTACGGTCCTCTTG-1",1.34277466391253
"CCTTACGTCACAACGT-1",2.02025167330389
"CCTTACGTCATCTGCC-1",1.43801721308982
"CCTTACGTCGGAGGTA-1",0
"CCTTCCCAGAGACTAT-1",4.10363110922015
"CCTTCCCAGCTAGGCA-1",0
"CCTTCCCAGGACGAAA-1",0
"CCTTCCCAGGGCATGT-1",0
"CCTTCCCAGGTACTCT-1",1.95401084829981
"CCTTCCCCATGATCCA-1",1.34277466391253
"CCTTCCCTCAAGGCTT-1",1.34277466391253
"CCTTCCCTCTATCCTA-1",0
"CCTTCCCTCTATCGCC-1",1.87281826504998
"CCTTCGAAGGCGCTCT-1",0
"CCTTCGACAACACCCG-1",0
"CCTTCGACAGCGATCC-1",1.12572980897621
"CCTTCGAGTAAGCACG-1",4.4651092763633
"CCTTCGAGTCCATGAT-1",3.14358397094908
"CCTTCGAGTGTGACCC-1",1.46275760086849
"CCTTCGAGTTGGTGGA-1",0
"CCTTCGATCACAGTAC-1",4.50902080214955
"CCTTCGATCCTATGTT-1",7.80132339833563
"CCTTCGATCGCACTCT-1",1.40953699762249
"CCTTTCTAGACGCTTT-1",0
"CCTTTCTAGGGCACTA-1",1.69423300438744
"CCTTTCTAGTGGAGTC-1",1.7399468934154
"CCTTTCTCAGACAAGC-1",0
"CCTTTCTCATCACGAT-1",0
"CCTTTCTCATGCCCGA-1",0
"CCTTTCTTCCCACTTG-1",0
"CCTTTCTTCTTTACGT-1",3.70644254907422
"CGAACATCACATGACT-1",3.6518796265744
"CGAACATCACTTGGAT-1",1.93704846870536
"CGAACATCAGTCCTTC-1",13.7517607673177
"CGAACATGTCTGATTG-1",1.81763797610274
"CGAACATGTGCTGTAT-1",0
"CGAACATTCTCAAACG-1",0
"CGAATGTAGAGGTTAT-1",0
"CGAATGTAGCGATAGC-1",0
"CGAATGTAGTTCGCAT-1",1.65924073491792
"CGAATGTCAATGCCAT-1",5.16072717970145
"CGAATGTGTCTAGTCA-1",0
"CGAATGTGTCTCACCT-1",1.82023447116132
"CGAATGTTCAACACAC-1",1.87890179222575
"CGAATGTTCATCACCC-1",0
"CGAATGTTCTGTACGA-1",0
"CGACCTTAGCTACCGC-1",1.70593547338393
"CGACCTTAGCTAGTCT-1",1.75838777152377
"CGACCTTCAAAGTGCG-1",4.28582421083714
"CGACCTTCACGAAATA-1",3.81640295394429
"CGACCTTGTAAGTGTA-1",1.65924073491792
"CGACCTTGTCAGAATA-1",0
"CGACCTTGTCTCCCTA-1",8.19401061011036
"CGACCTTGTCTCTTAT-1",5.62702085650046
"CGACCTTTCCGCGTTT-1",1.72047038548075
"CGACCTTTCGTTTATC-1",1.82458284121735
"CGACCTTTCTCCAGGG-1",7.66306240163931
"CGACTTCAGACACGAC-1",3.6518796265744
"CGACTTCAGGTAGCCA-1",1.79593833030302
"CGACTTCAGTCTTGCA-1",0
"CGACTTCCAATGGACG-1",4.36560245707915
"CGACTTCGTGGTGTAG-1",1.2798371326043
"CGACTTCGTTGAGTTC-1",0
"CGACTTCTCACTTACT-1",0
"CGACTTCTCTCGCTTG-1",2.84767971557316
"CGAGAAGAGAAACGCC-1",2.31656371763325
"CGAGAAGAGCCAACAG-1",1.49412245867914
"CGAGAAGAGCGTGTCC-1",0
"CGAGAAGCAAGTTCTG-1",1.75561046564543
"CGAGAAGCACATCCGG-1",0
"CGAGAAGCAGGCTGAA-1",1.99148227932181
"CGAGAAGTCGGATGGA-1",0
"CGAGCACAGCCAGAAC-1",0
"CGAGCACCACATGTGT-1",1.81763797610274
"CGAGCACGTAGCGTCC-1",0
"CGAGCACGTAGCGTGA-1",3.6518796265744
"CGAGCACGTCAGATAA-1",3.71109399371261
"CGAGCACGTGCCTTGG-1",0
"CGAGCACTCCCGGATG-1",1.94163663827793
"CGAGCACTCCGCTGTT-1",1.81763797610274
"CGAGCACTCGTGACAT-1",1.67563051423948
"CGAGCCAAGCTAGCCC-1",0
"CGAGCCAGTATATCCG-1",0
"CGAGCCAGTCAAGCGA-1",0
"CGATCGGAGAGCCTAG-1",0
"CGATCGGAGTACGATA-1",2.08409291695351
"CGATCGGCAAACGCGA-1",1.70556675785926
"CGATCGGCAAGCGATG-1",8.47226587502327
"CGATCGGCAATACGCT-1",0
"CGATCGGCAGTTAACC-1",1.63056832072081
"CGATCGGCATACTCTT-1",0
"CGATCGGGTCGACTGC-1",1.45289327865391
"CGATCGGTCAACGGGA-1",1.70926277259295
"CGATCGGTCTAGCACA-1",1.48825403874962
"CGATGGCAGCCGTCGT-1",4.60385630822549
"CGATGGCAGTCCAGGA-1",0
"CGATGGCCACTTAACG-1",1.64762556764427
"CGATGGCCAGCGTAAG-1",4.10363110922015
"CGATGGCCATCATCCC-1",0
"CGATGGCTCCTAGAAC-1",1.79593833030302
"CGATGGCTCGCTAGCG-1",0
"CGATGGCTCTGACCTC-1",1.71335126959398
"CGATGTAAGGCAATTA-1",1.34110442770281
"CGATGTAAGTTTGCGT-1",22.7232258734062
"CGATGTACACAGGCCT-1",11.0888080720857
"CGATGTACAGGTCTCG-1",0
"CGATGTAGTCCAGTGC-1",1.89361497818834
"CGATGTAGTCTAGGTT-1",1.89794210856257
"CGATGTAGTGTGCCTG-1",1.69423300438744
"CGATGTAGTTTGCATG-1",3.41190325085093
"CGATTGAAGATGTGGC-1",0
"CGATTGACAGACGCAA-1",0
"CGATTGAGTATGGTTC-1",1.39864534214568
"CGATTGAGTTCAGACT-1",1.97189696193637
"CGATTGATCATGGTCA-1",0
"CGATTGATCTGCGGCA-1",3.81640295394429
"CGCCAAGAGAATGTTG-1",0
"CGCCAAGAGACCTTTG-1",3.70644254907422
"CGCCAAGAGATCGGGT-1",0
"CGCCAAGAGATCTGAA-1",0
"CGCCAAGAGCGTGTCC-1",1.60688281682492
"CGCCAAGGTCTAGGTT-1",1.72047038548075
"CGCCAAGTCAGGATCT-1",1.39864534214568
"CGCCAAGTCCACTCCA-1",0
"CGCCAAGTCTTGTTTG-1",0
"CGCGGTAAGCTAGCCC-1",0
"CGCGGTAAGGGTTCCC-1",2.67382284830196
"CGCGGTACAAACTGCT-1",2.08409291695351
"CGCGGTACAATGGAAT-1",0
"CGCGGTACAGCTGTTA-1",0
"CGCGGTAGTCAAGCGA-1",0
"CGCGGTAGTGAGGCTA-1",0
"CGCGGTAGTTTGCATG-1",1.75838777152377
"CGCGTTTAGTTATCGC-1",1.82458284121735
"CGCGTTTCAACAACCT-1",0
"CGCGTTTCAAGCGAGT-1",0
"CGCGTTTCAATGGACG-1",3.53349314884567
"CGCGTTTCACGGTGTC-1",1.73839957358052
"CGCGTTTGTGCTGTAT-1",0
"CGCGTTTGTGGACGAT-1",1.2798371326043
"CGCGTTTTCAAACCGT-1",1.72047038548075
"CGCGTTTTCAGCCTAA-1",0
"CGCGTTTTCCTATGTT-1",1.89794210856257
"CGCGTTTTCGTGGTCG-1",0
"CGCTATCAGAAACCGC-1",3.83521299994268
"CGCTATCAGTCATCCA-1",10.8952139801207
"CGCTATCCAAGCGAGT-1",1.50547893870156
"CGCTATCCAGTCGATT-1",0
"CGCTATCCATCGACGC-1",0
"CGCTATCCATTTCAGG-1",0
"CGCTATCGTACCGAGA-1",0
"CGCTATCGTTCGAATC-1",0
"CGCTATCGTTTCGCTC-1",1.43386668376264
"CGCTATCTCGTTACAG-1",0
"CGCTGGAAGGACATTA-1",1.91550807631439
"CGCTGGAAGGGCACTA-1",0
"CGCTGGAAGGTGATAT-1",1.72273374137272
"CGCTGGACAGACTCGC-1",1.91550807631439
"CGCTGGAGTGTAATGA-1",1.70593547338393
"CGCTGGAGTTCTGGTA-1",3.36433996730904
"CGCTGGATCCGAAGAG-1",0
"CGCTGGATCCGTTGCT-1",1.70593547338393
"CGCTGGATCGTAGGAG-1",2.84767971557316
"CGCTGGATCGTTACAG-1",1.81763797610274
"CGCTTCAAGAAGGGTA-1",2.71859188510252
"CGCTTCAAGGTCGGAT-1",1.89361497818834
"CGCTTCACACGGTGTC-1",0
"CGCTTCACAGACAAGC-1",0
"CGCTTCACATCACCCT-1",0
"CGCTTCAGTCGCGGTT-1",2.26173094927769
"CGCTTCATCTTAGAGC-1",2.57089246295127
"CGGACACAGCGATATA-1",1.79134292404771
"CGGACACAGCGATGAC-1",18.6684450132659
"CGGACACAGCTTCGCG-1",1.72047038548075
"CGGACACAGGTAAACT-1",3.83521299994268
"CGGACACAGTAGCCGA-1",3.83521299994268
"CGGACACCACAGGAGT-1",1.86863594734354
"CGGACACCATTCACTT-1",0
"CGGACACGTGAGCGAT-1",1.82110205144729
"CGGACACGTGCTCTTC-1",0
"CGGACACGTGTGACCC-1",3.74939360224852
"CGGACGTAGGTTACCT-1",0
"CGGACGTCATGGGACA-1",4.28582421083714
"CGGACGTGTGAAAGAG-1",0
"CGGACGTGTTGGTAAA-1",3.40016847777137
"CGGACGTTCATGTGGT-1",1.97189696193637
"CGGACGTTCTGTCCGT-1",0
"CGGACTGAGGAGCGAG-1",1.39864534214568
"CGGACTGAGGAGTCTG-1",13.7517607673177
"CGGACTGAGTGGTAGC-1",1.89361497818834
"CGGACTGCAACTTGAC-1",0.944234683245289
"CGGACTGCAATGACCT-1",1.67563051423948
"CGGACTGCACAACGTT-1",20.8546920015227
"CGGACTGCACGCCAGT-1",0
"CGGACTGCAGTATGCT-1",0
"CGGACTGGTAAAGGAG-1",3.53349314884567
"CGGACTGGTATAAACG-1",0
"CGGACTGGTGTAAGTA-1",1.43386668376264
"CGGACTGGTGTGGTTT-1",1.69823341121723
"CGGACTGGTTGACGTT-1",1.87890179222575
"CGGACTGTCCATGCTC-1",0
"CGGACTGTCCGTCAAA-1",0
"CGGACTGTCGTTTGCC-1",0
"CGGAGCTAGTTTAGGA-1",1.7675908410758
"CGGAGCTGTAGAAAGG-1",0
"CGGAGCTTCACTTATC-1",2.81224474026215
"CGGAGCTTCATGTAGC-1",0
"CGGAGCTTCCACGAAT-1",0
"CGGAGTCAGTGCGATG-1",1.2798371326043
"CGGAGTCAGTGTGAAT-1",1.95401084829981
"CGGAGTCCAGTGGGAT-1",4.60385630822549
"CGGAGTCCATTATCTC-1",0
"CGGAGTCGTAGCTGCC-1",3.83521299994268
"CGGAGTCGTGTTCGAT-1",0
"CGGAGTCTCCCAGGTG-1",0
"CGGAGTCTCCGTAGTA-1",1.86909947255371
"CGGCTAGAGAAACGCC-1",0
"CGGCTAGAGCACCGTC-1",0
"CGGCTAGAGCTAAACA-1",2.132383105178
"CGGCTAGCAGACAAAT-1",2.0491530953547
"CGGCTAGGTAACGCGA-1",0
"CGGCTAGGTTCATGGT-1",1.7675908410758
"CGGCTAGTCAAAGACA-1",1.75838777152377
"CGGCTAGTCGTGGGAA-1",2.14560021193091
"CGGCTAGTCTTGTTTG-1",0
"CGGGTCAAGAGTCGGT-1",0
"CGGGTCAAGCACACAG-1",0
"CGGGTCAAGCTAACTC-1",4.4651092763633
"CGGGTCAAGGACACCA-1",1.93704846870536
"CGGGTCAAGTATGACA-1",0
"CGGGTCACAATGACCT-1",0
"CGGGTCACACCGAAAG-1",0
"CGGGTCACAGCCACCA-1",1.82458284121735
"CGGGTCACATACAGCT-1",0
"CGGGTCACATCCTTGC-1",0
"CGGGTCAGTAGCGCTC-1",1.60688281682492
"CGGGTCAGTCGATTGT-1",0
"CGGGTCAGTGCAACTT-1",3.5993721777065
"CGGGTCAGTTGTTTGG-1",18.6684450132659
"CGGGTCATCAACACCA-1",0
"CGGGTCATCACCTTAT-1",0
"CGGGTCATCCACGACG-1",0
"CGGTTAACAGGACCCT-1",1.8737509171921
"CGGTTAACATGTCCTC-1",0
"CGGTTAACATTCCTGC-1",0
"CGGTTAAGTCGACTGC-1",0
"CGGTTAATCCGGCACA-1",12.5824696512351
"CGGTTAATCCTTTCGG-1",0
"CGGTTAATCTTATCTG-1",1.77977734016826
"CGTAGCGAGATGTAAC-1",0
"CGTAGCGAGGCAATTA-1",1.70042526017336
"CGTAGCGCAAGCGCTC-1",1.89794210856257
"CGTAGCGTCCAACCAA-1",1.69823341121723
"CGTAGCGTCGGCGGTT-1",1.87281826504998
"CGTAGGCAGGGCTCTC-1",0
"CGTAGGCCAAGCGATG-1",1.60688281682492
"CGTAGGCCACTAAGTC-1",0
"CGTAGGCCAGAGTGTG-1",0
"CGTAGGCCATCCCATC-1",0
"CGTAGGCGTATTAGCC-1",0
"CGTAGGCGTCAATACC-1",0
"CGTAGGCGTGGCGAAT-1",3.39000121052405
"CGTAGGCTCCAGAAGG-1",0
"CGTCACTAGTCATGCT-1",0
"CGTCACTCAAAGCGGT-1",1.86724712895827
"CGTCACTCAGGTCCAC-1",1.7675908410758
"CGTCACTCAGTCACTA-1",1.46275760086849
"CGTCACTTCCTTGACC-1",0
"CGTCACTTCGGTGTTA-1",0
"CGTCACTTCTGTGCAA-1",0
"CGTCACTTCTTGAGAC-1",3.14358397094908
"CGTCAGGAGCTGTTCA-1",1.46275760086849
"CGTCAGGCAAAGCAAT-1",0
"CGTCAGGCAAAGCGGT-1",2.84767971557316
"CGTCAGGCAACACGCC-1",0
"CGTCAGGCATCCGCGA-1",1.49412245867914
"CGTCAGGGTCAGCTAT-1",0
"CGTCAGGGTCGTTGTA-1",1.72047038548075
"CGTCAGGGTGTAAGTA-1",1.86909947255371
"CGTCAGGTCCACTGGG-1",0
"CGTCAGGTCGACAGCC-1",2.71883501874335
"CGTCAGGTCGGGAGTA-1",1.60688281682492
"CGTCCATAGACCACGA-1",1.67987888376149
"CGTCCATAGCGATTCT-1",0
"CGTCCATAGGCTATCT-1",0
"CGTCCATAGTCTCAAC-1",0
"CGTCCATCACGACTCG-1",0
"CGTCCATCATTCACTT-1",0
"CGTCCATGTCTAGCGC-1",17.1519506932147
"CGTCCATGTGATAAAC-1",1.36082041988671
"CGTCCATGTTTGGGCC-1",0
"CGTCCATGTTTGTGTG-1",0
"CGTCCATTCAACACCA-1",0
"CGTCCATTCATTCACT-1",18.5893772980481
"CGTCTACAGTGCGTGA-1",0
"CGTCTACGTAGTAGTA-1",0
"CGTCTACTCGAGCCCA-1",0
"CGTCTACTCGCCATAA-1",3.48336272316339
"CGTCTACTCGGCCGAT-1",2.90626087019646
"CGTCTACTCGTCCAGG-1",4.60385630822549
"CGTGAGCAGATCTGAA-1",0
"CGTGAGCAGCAATCTC-1",1.70926277259295
"CGTGAGCAGCGGATCA-1",1.77528463202455
"CGTGAGCAGCTAGTGG-1",2.26173094927769
"CGTGAGCAGCTTCGCG-1",0
"CGTGAGCAGGGCACTA-1",0
"CGTGAGCAGGGTGTGT-1",0
"CGTGAGCAGTGGAGAA-1",0
"CGTGAGCCAAGCCGCT-1",0
"CGTGAGCCACGTAAGG-1",0
"CGTGAGCCATACGCCG-1",2.14560021193091
"CGTGAGCGTAGATTAG-1",22.7232258734062
"CGTGAGCGTCTCTTAT-1",3.16641047897394
"CGTGAGCTCACAAACC-1",0
"CGTGAGCTCCAAATGC-1",1.86909947255371
"CGTGAGCTCCGAGCCA-1",0
"CGTGAGCTCGTTGCCT-1",0
"CGTGAGCTCTGGGCCA-1",5.06219008762755
"CGTGTAAAGATAGTCA-1",1.70926277259295
"CGTGTAAAGGTGTTAA-1",1.79134292404771
"CGTGTAAAGTACATGA-1",0
"CGTGTAACATGGGACA-1",1.72918676816664
"CGTGTAAGTGTCTGAT-1",1.2798371326043
"CGTGTAATCTACTATC-1",0
"CGTGTAATCTCGATGA-1",4.47054534997224
"CGTGTAATCTTTAGTC-1",0
"CGTGTCTAGGCGCTCT-1",17.1519506932147
"CGTGTCTAGGGATGGG-1",2.2853391109481
"CGTGTCTCAGACAAAT-1",0
"CGTGTCTCAGACACTT-1",1.60688281682492
"CGTGTCTGTAAGAGGA-1",1.69786877827459
"CGTGTCTGTATATGAG-1",1.82023447116132
"CGTGTCTGTCAAAGCG-1",1.78182890102545
"CGTGTCTGTTCCGTCT-1",1.97189696193637
"CGTGTCTTCAATCACG-1",0
"CGTGTCTTCAGAGGTG-1",0
"CGTGTCTTCATAGCAC-1",2.25699340106876
"CGTGTCTTCCGAACGC-1",3.81640295394429
"CGTGTCTTCGGCATCG-1",11.2699427978853
"CGTGTCTTCGTGGACC-1",0
"CGTGTCTTCTACTTAC-1",1.70926277259295
"CGTGTCTTCTGAGTGT-1",1.43386668376264
"CGTTAGAAGATCTGAA-1",1.95297183875224
"CGTTAGAAGGCCCTTG-1",0
"CGTTAGACACGAAAGC-1",0
"CGTTAGACAGCTTCGG-1",0
"CGTTAGAGTTTAAGCC-1",1.65924073491792
"CGTTAGATCACTTATC-1",1.73839957358052
"CGTTAGATCAGCCTAA-1",0
"CGTTCTGAGAAGGGTA-1",1.78182890102545
"CGTTCTGAGTGAACAT-1",0
"CGTTCTGCAGCTCGCA-1",0
"CGTTCTGCATTGGCGC-1",1.86724712895827
"CGTTCTGGTGAGGGTT-1",7.80132339833563
"CGTTCTGTCTGATTCT-1",0
"CGTTGGGAGCTAGTTC-1",1.39864534214568
"CGTTGGGAGGATGCGT-1",0
"CGTTGGGCACATTAGC-1",0
"CGTTGGGCAGACAGGT-1",1.89361497818834
"CGTTGGGGTTCCCGAG-1",0
"CGTTGGGTCATGCTCC-1",1.65648982452361
"CGTTGGGTCCATGAAC-1",1.14963232167946
"CGTTGGGTCTACCAGA-1",0
"CTAACTTAGTCCTCCT-1",0
"CTAACTTCAATAGCAA-1",0
"CTAACTTCAATCGGTT-1",13.2730328550686
"CTAACTTGTGAGGCTA-1",20.4837427761322
"CTAACTTTCGTACGGC-1",1.8737509171921
"CTAACTTTCTGGCGTG-1",0
"CTAAGACAGGGAAACA-1",3.70644254907422
"CTAAGACAGTACATGA-1",5.86962567715413
"CTAAGACAGTTCGCGC-1",13.2730328550686
"CTAAGACCAAGTAATG-1",0
"CTAAGACCAGTAAGAT-1",0
"CTAAGACCATGCAATC-1",22.7232258734062
"CTAAGACGTAAGGATT-1",2.02025167330389
"CTAAGACGTATCAGTC-1",1.69423300438744
"CTAAGACGTCACCTAA-1",2.6393904798448
"CTAAGACTCGTTGCCT-1",2.26173094927769
"CTAAGACTCTTACCGC-1",0
"CTAAGACTCTTGAGGT-1",2.14560021193091
"CTAATGGAGCAATCTC-1",0
"CTAATGGAGCGCTCCA-1",0
"CTAATGGAGCTCCCAG-1",0
"CTAATGGAGCTGAAAT-1",1.99148227932181
"CTAATGGAGTTAGGTA-1",1.75838777152377
"CTAATGGCATGGAATA-1",2.84767971557316
"CTAATGGGTACCGCTG-1",3.14358397094908
"CTAATGGGTCTAGCGC-1",0
"CTAATGGGTGAGGGAG-1",5.76937479269653
"CTAATGGGTTGGTGGA-1",5.16072717970145
"CTAATGGTCATGCTCC-1",0
"CTAATGGTCCACTGGG-1",1.7675908410758
"CTAATGGTCCGTTGCT-1",0
"CTAATGGTCCTAGAAC-1",5.16007883753919
"CTACACCAGTGCGATG-1",3.48232743105584
"CTACACCCACGGACAA-1",0
"CTACACCGTAATAGCA-1",0
"CTACACCGTCTGATTG-1",1.78182890102545
"CTACACCGTTCGTCTC-1",7.80132339833563
"CTACACCTCAGAAATG-1",0
"CTACACCTCGGCTTGG-1",0
"CTACACCTCGGTCCGA-1",4.4651092763633
"CTACACCTCTCGCATC-1",0
"CTACACCTCTCTGCTG-1",0
"CTACATTAGATCACGG-1",0
"CTACATTCACTCGACG-1",0
"CTACATTCATTTCACT-1",0
"CTACATTGTGATGATA-1",0
"CTACATTGTTCGAATC-1",0
"CTACATTTCAACGCTA-1",1.86724712895827
"CTACATTTCGCCATAA-1",0
"CTACATTTCTAGCACA-1",1.32934023152993
"CTACCCACACAGAGGT-1",1.95401084829981
"CTACCCACACGACGAA-1",0
"CTACCCACATGGTTGT-1",1.82110205144729
"CTACCCAGTATCTGCA-1",0
"CTACCCAGTATGAATG-1",0
"CTACCCAGTCAGAAGC-1",1.72047038548075
"CTACCCAGTGTGACCC-1",1.77977734016826
"CTACCCAGTTATGTGC-1",0
"CTACCCATCTACGAGT-1",0
"CTACGTCAGGTGCAAC-1",4.36560245707915
"CTACGTCAGTGCGATG-1",0
"CTACGTCAGTTGTCGT-1",0
"CTACGTCCATATACCG-1",0
"CTACGTCGTATATGGA-1",0
"CTACGTCGTGTGGTTT-1",5.76937479269653
"CTACGTCTCAAAGTAG-1",2.14560021193091
"CTACGTCTCACGACTA-1",1.2798371326043
"CTACGTCTCACGGTTA-1",1.44516265397505
"CTACGTCTCCTAGAAC-1",0
"CTAGAGTAGCTGTCTA-1",0
"CTAGAGTAGGATCGCA-1",0
"CTAGAGTAGTCCATAC-1",1.70042526017336
"CTAGAGTCACATTAGC-1",1.36060487500458
"CTAGAGTCAGTATGCT-1",4.28582421083714
"CTAGAGTCATACTCTT-1",0
"CTAGAGTCATGTAAGA-1",0
"CTAGAGTGTGACCAAG-1",1.87281826504998
"CTAGAGTTCAACACCA-1",1.64762556764427
"CTAGAGTTCCGTCAAA-1",0
"CTAGAGTTCCTAAGTG-1",0
"CTAGAGTTCGCCAGCA-1",0
"CTAGAGTTCGCTTAGA-1",0
"CTAGAGTTCGTGACAT-1",0
"CTAGAGTTCTGATTCT-1",3.14120511844231
"CTAGCCTCACCAGATT-1",1.86909947255371
"CTAGCCTGTATATCCG-1",0
"CTAGCCTGTGATGCCC-1",0
"CTAGCCTTCGGGAGTA-1",1.34110442770281
"CTAGTGAAGCTGGAAC-1",2.71859188510252
"CTAGTGAAGTGTACCT-1",0
"CTAGTGACAAGTCTAC-1",0
"CTAGTGACAGGATCGA-1",2.26173094927769
"CTAGTGAGTTATGCGT-1",1.86724712895827
"CTAGTGATCAGTTGAC-1",0
"CTAGTGATCCAGTAGT-1",0
"CTCACACAGCTAAGAT-1",0
"CTCACACAGCTGCCCA-1",1.7675908410758
"CTCACACAGGATGCGT-1",0
"CTCACACCACGTAAGG-1",0
"CTCACACCACTGTTAG-1",3.39000121052405
"CTCACACCATATACGC-1",0
"CTCACACGTGCTGTAT-1",1.5480586557117
"CTCACACGTTCCATGA-1",0
"CTCACACGTTTGGGCC-1",2.132383105178
"CTCACACTCACCGGGT-1",0
"CTCACACTCATCGGAT-1",0
"CTCACACTCCGCGCAA-1",1.82023447116132
"CTCACACTCTAACCGA-1",0
"CTCAGAAAGAGCTGCA-1",0
"CTCAGAAAGGAGTAGA-1",0
"CTCAGAACAACGCACC-1",0
"CTCAGAACAAGCGATG-1",3.81640295394429
"CTCAGAACAGGGCATA-1",0
"CTCAGAAGTGACGGTA-1",0
"CTCAGAATCTTAACCT-1",0
"CTCATTAAGAACTGTA-1",0
"CTCATTACATGGTCAT-1",1.72918676816664
"CTCATTAGTGTAACGG-1",0
"CTCATTAGTTTACTCT-1",5.16007883753919
"CTCCTAGCAAGTACCT-1",4.4651092763633
"CTCCTAGCAATTCCTT-1",0
"CTCCTAGCACTGTCGG-1",0
"CTCCTAGCAGTCCTTC-1",1.36060487500458
"CTCCTAGCATAACCTG-1",5.62702085650046
"CTCCTAGCATGCGCAC-1",2.25699340106876
"CTCCTAGGTAGAAAGG-1",1.81763797610274
"CTCCTAGGTCCGAGTC-1",0
"CTCCTAGGTCTAGCCG-1",0
"CTCCTAGGTGTTTGTG-1",0
"CTCCTAGGTTCGTGAT-1",1.89794210856257
"CTCCTAGGTTGTTTGG-1",0
"CTCCTAGTCACTTACT-1",3.89587145823543
"CTCCTAGTCTCATTCA-1",0
"CTCGAAAAGCCCAACC-1",0
"CTCGAAAAGCTATGCT-1",0
"CTCGAAAAGGCCCTTG-1",1.63056832072081
"CTCGAAAAGGGCTTCC-1",3.39000121052405
"CTCGAAACAAGCCGTC-1",0
"CTCGAAACACATTAGC-1",0
"CTCGAAACACCGAAAG-1",0
"CTCGAAACACGGCTAC-1",2.84767971557316
"CTCGAAACAGTAAGAT-1",0
"CTCGAGGAGCCATCGC-1",1.78182890102545
"CTCGAGGAGGGCTTCC-1",0
"CTCGAGGCAGATAATG-1",0
"CTCGAGGGTATTCTCT-1",1.56220326605152
"CTCGAGGGTGCCTGGT-1",1.67563051423948
"CTCGGAGAGTCCCACG-1",1.7399468934154
"CTCGGAGCACTTCTGC-1",2.132383105178
"CTCGGAGCAGCTGCAC-1",2.71883501874335
"CTCGGAGCAGGATCGA-1",0
"CTCGGAGGTAGCCTAT-1",3.48336272316339
"CTCGGAGGTCATGCCG-1",0
"CTCGGAGTCAAACGGG-1",0
"CTCGGAGTCACATACG-1",2.71859188510252
"CTCGGAGTCAGCTTAG-1",3.48336272316339
"CTCGGGAAGACCTAGG-1",0
"CTCGGGACACAGCCCA-1",1.35716679882967
"CTCGGGACATAAAGGT-1",1.97189696193637
"CTCGGGACATCCCACT-1",0
"CTCGGGACATGTCGAT-1",0
"CTCGGGAGTCGCGTGT-1",1.43801721308982
"CTCGGGAGTGACTACT-1",0
"CTCGGGAGTTACGACT-1",0
"CTCGGGATCCGTACAA-1",0
"CTCGGGATCCTTGACC-1",0
"CTCGGGATCTTGTTTG-1",0
"CTCGTACAGCGATAGC-1",0
"CTCGTACCAGCGTAAG-1",2.14560021193091
"CTCGTACCATAGTAAG-1",3.91858892235328
"CTCGTACGTAGAGTGC-1",0
"CTCGTACGTATCACCA-1",3.09021674882426
"CTCGTACGTGCAGTAG-1",5.16072717970145
"CTCGTACTCAAAGTAG-1",0
"CTCGTACTCAATCTCT-1",0
"CTCGTACTCGTTGCCT-1",0
"CTCGTACTCTGGTTCC-1",0
"CTCGTCAAGATGCCTT-1",1.45289327865391
"CTCGTCAAGTGGAGTC-1",0
"CTCGTCAAGTTTGCGT-1",1.93704846870536
"CTCGTCACAACGATCT-1",0
"CTCGTCACACATCCGG-1",0
"CTCGTCACAGTCGTGC-1",0
"CTCGTCAGTCTCATCC-1",2.25699340106876
"CTCGTCAGTCTCCATC-1",1.73839957358052
"CTCGTCAGTGAGCGAT-1",1.95297183875224
"CTCGTCAGTTGACGTT-1",0
"CTCGTCAGTTGGGACA-1",1.78182890102545
"CTCGTCATCACTTATC-1",1.68701849187099
"CTCGTCATCGACCAGC-1",3.4530360385079
"CTCGTCATCTGCTGTC-1",1.67987888376149
"CTCTAATCACCAGGTC-1",0
"CTCTAATCACGGTGTC-1",1.67563051423948
"CTCTAATCAGGAATCG-1",2.08409291695351
"CTCTAATGTCCAAGTT-1",0
"CTCTACGAGCTAAACA-1",1.39864534214568
"CTCTACGAGCTAGTGG-1",0
"CTCTACGAGTACGCCC-1",0
"CTCTACGAGTAGGCCA-1",0
"CTCTACGCAATAACGA-1",0
"CTCTACGCAGACGCTC-1",1.46275760086849
"CTCTACGCATGACATC-1",0
"CTCTACGTCATGTCTT-1",1.67563051423948
"CTCTACGTCCCTAATT-1",3.04432864607648
"CTCTACGTCGGCATCG-1",1.36060487500458
"CTCTACGTCGGTCTAA-1",1.69169931933607
"CTCTGGTAGCGTTCCG-1",2.71883501874335
"CTCTGGTAGGCATGGT-1",0
"CTCTGGTAGTGCCAGA-1",0
"CTCTGGTCACAAGCCC-1",3.06187236493098
"CTCTGGTCAGCCTTTC-1",3.14358397094908
"CTCTGGTTCATCTGTT-1",1.68701849187099
"CTCTGGTTCTTGTACT-1",0
"CTGAAACAGATCCCGC-1",3.36433996730904
"CTGAAACAGGTGCTAG-1",0
"CTGAAACAGTCCGTAT-1",3.83521299994268
"CTGAAACAGTGTCTCA-1",1.69423300438744
"CTGAAACGTCATCGGC-1",5.99127795394638
"CTGAAACGTTAAAGAC-1",1.43899788613906
"CTGAAACTCATACGGT-1",1.56220326605152
"CTGAAGTAGTGCGTGA-1",3.10440338889297
"CTGAAGTCAGCTGTAT-1",0
"CTGAAGTGTTAAAGTG-1",0
"CTGAAGTTCAAGCCTA-1",1.77977734016826
"CTGAAGTTCGGATGTT-1",0
"CTGATAGAGGGAGTAA-1",7.96525154966747
"CTGATAGAGTGCAAGC-1",1.34277466391253
"CTGATAGCAGCCTTTC-1",0
"CTGATAGCATCCCATC-1",1.93704846870536
"CTGATAGCATCTCCCA-1",0
"CTGATAGGTCAAAGCG-1",1.99148227932181
"CTGATAGGTCGCTTTC-1",3.39000121052405
"CTGATAGGTTACGACT-1",1.7675908410758
"CTGATAGTCGCGATCG-1",0
"CTGATCCAGGCATTGG-1",2.71859188510252
"CTGATCCAGGTGACCA-1",0
"CTGATCCCACAGAGGT-1",3.06187236493098
"CTGATCCCAGGCTGAA-1",0
"CTGATCCGTGCCTGGT-1",1.75838777152377
"CTGATCCGTTATCCGA-1",2.02025167330389
"CTGATCCGTTGTGGCC-1",9.94684539311521
"CTGCCTAAGGGTCTCC-1",1.34277466391253
"CTGCCTAAGGTGATAT-1",0
"CTGCCTAAGTACGCGA-1",0
"CTGCCTAAGTGCGTGA-1",3.14120511844231
"CTGCCTACATCCCACT-1",1.50547893870156
"CTGCCTATCAATAAGG-1",1.99148227932181
"CTGCGGAAGAAGGACA-1",0
"CTGCGGAAGAGCTGGT-1",1.44516265397505
"CTGCGGAAGATGAGAG-1",0
"CTGCGGACAGGTCGTC-1",0
"CTGCGGACATGTCTCC-1",0
"CTGCGGAGTCACTTCC-1",1.75838777152377
"CTGCGGAGTCGTGGCT-1",3.05579765251379
"CTGCGGAGTTCTGTTT-1",1.35716679882967
"CTGCGGAGTTGGACCC-1",0
"CTGCGGATCGCCTGTT-1",13.0736254888927
"CTGCGGATCTTACCGC-1",20.0922710541656
"CTGCTGTAGGGTGTTG-1",0
"CTGCTGTAGTACCGGA-1",0
"CTGCTGTAGTGGAGAA-1",0
"CTGCTGTCACATCTTT-1",4.4651092763633
"CTGCTGTGTTAAAGAC-1",1.32934023152993
"CTGCTGTTCTCCAACC-1",0
"CTGCTGTTCTTACCGC-1",1.7675908410758
"CTGGTCTAGCGTTGCC-1",0
"CTGGTCTAGGACAGCT-1",0
"CTGGTCTAGGGCTTGA-1",1.50547893870156
"CTGGTCTAGTCGAGTG-1",0
"CTGGTCTCAAAGGAAG-1",1.75838777152377
"CTGGTCTCACCAGTTA-1",0
"CTGGTCTGTACCTACA-1",18.6684450132659
"CTGGTCTGTACGCTGC-1",0
"CTGGTCTGTCCGCTGA-1",1.89794210856257
"CTGGTCTGTCCGTTAA-1",0
"CTGGTCTGTTCATGGT-1",2.6393904798448
"CTGGTCTGTTCGTGAT-1",0
"CTGGTCTTCAACGGGA-1",1.68701849187099
"CTGGTCTTCACTTACT-1",1.43801721308982
"CTGGTCTTCTTACCTA-1",2.25699340106876
"CTGTGCTGTATATCCG-1",3.35514728859626
"CTGTGCTGTCATCCCT-1",0
"CTGTGCTGTCCCTACT-1",1.82458284121735
"CTGTGCTGTCGGCACT-1",0
"CTGTGCTTCCATTCTA-1",2.67382284830196
"CTGTTTAAGAAACCGC-1",0
"CTGTTTAAGATCGATA-1",0
"CTGTTTAAGGAGTTGC-1",3.70644254907422
"CTGTTTAGTCAAAGCG-1",2.25699340106876
"CTGTTTATCAGCCTAA-1",0
"CTGTTTATCATTTGGG-1",0
"CTGTTTATCTCCAGGG-1",0
"CTGTTTATCTCTTGAT-1",0
"CTGTTTATCTTCTGGC-1",0
"CTTAACTAGCCAGTAG-1",0
"CTTAACTAGGCTCTTA-1",1.7675908410758
"CTTAACTAGGTGCACA-1",0
"CTTAACTAGTCTCGGC-1",0
"CTTACCGAGCGCTTAT-1",0.944234683245289
"CTTACCGAGGCTACGA-1",11.9781931421155
"CTTACCGCAGATCTGT-1",13.2730328550686
"CTTACCGCAGTCAGAG-1",1.50547893870156
"CTTACCGGTCCTGCTT-1",0
"CTTACCGGTCGCCATG-1",1.87281826504998
"CTTACCGGTCTACCTC-1",3.6518796265744
"CTTACCGTCGGACAAG-1",0
"CTTAGGAAGCCCAACC-1",0
"CTTAGGACACGACGAA-1",1.89361497818834
"CTTAGGAGTTATGTGC-1",0
"CTTAGGATCCCATTTA-1",0
"CTTAGGATCTTTACAC-1",0
"CTTCTCTAGAACTCGG-1",2.01855170845776
"CTTCTCTAGAGTGAGA-1",3.70644254907422
"CTTCTCTAGCAGGCTA-1",0
"CTTCTCTAGTTAACGA-1",0
"CTTCTCTCAAAGGTGC-1",0
"CTTCTCTGTAACGACG-1",0
"CTTCTCTGTGCATCTA-1",0
"CTTCTCTTCGAGCCCA-1",1.34277466391253
"CTTGGCTAGCGATATA-1",1.93704846870536
"CTTGGCTAGTACGTTC-1",4.36560245707915
"CTTGGCTCATTACCTT-1",2.84767971557316
"CTTGGCTGTCTCCATC-1",0
"CTTGGCTTCCCTAATT-1",1.77977734016826
"CTTGGCTTCGCGTAGC-1",1.70593547338393
"CTTGGCTTCTCGTTTA-1",0
"CTTTGCGAGCAAATCA-1",0
"CTTTGCGAGCGTTCCG-1",0
"CTTTGCGAGTATCTCG-1",3.04432864607648
"CTTTGCGCAATTCCTT-1",0
"CTTTGCGCACTTAAGC-1",0
"CTTTGCGCAGACGCAA-1",0
"CTTTGCGGTAGAGGAA-1",2.6393904798448
"CTTTGCGTCCAGGGCT-1",0
"GAAACTCAGAGACGAA-1",3.70644254907422
"GAAACTCAGAGGTTAT-1",0
"GAAACTCAGCAGCCTC-1",0
"GAAACTCAGCCCAGCT-1",3.14120511844231
"GAAACTCAGCTAAACA-1",0
"GAAACTCAGTGCTGCC-1",1.46275760086849
"GAAACTCCAAGCCCAC-1",2.14560021193091
"GAAACTCCACATGACT-1",0
"GAAACTCCAGACACTT-1",13.7378584804244
"GAAACTCCATGGATGG-1",3.53349314884567
"GAAACTCGTACTCGCG-1",5.76937479269653
"GAAACTCGTAGCGATG-1",0
"GAAACTCGTGTGAAAT-1",1.86909947255371
"GAAACTCGTTTGTGTG-1",0
"GAAATGAAGCCAGTTT-1",1.7399468934154
"GAAATGAAGCTAGTCT-1",0
"GAAATGAAGTACGTAA-1",1.69823341121723
"GAAATGATCATGCTCC-1",1.73839957358052
"GAAATGATCCTCGCAT-1",5.99127795394638
"GAACATCAGATGGCGT-1",1.7399468934154
"GAACATCCAACAACCT-1",0
"GAACATCCACATCTTT-1",3.82579010380222
"GAACATCCACCTATCC-1",0
"GAACATCCACGGACAA-1",0
"GAACATCCATGCTAGT-1",1.81763797610274
"GAACATCGTACGACCC-1",0
"GAACATCGTGGACGAT-1",1.70556675785926
"GAACATCGTTCCCGAG-1",3.51181330952846
"GAACATCTCCAAGTAC-1",1.97189696193637
"GAACATCTCGATCCCT-1",0
"GAACATCTCTCCAACC-1",2.81224474026215
"GAACCTAAGAACTGTA-1",1.35716679882967
"GAACCTAAGAGCAATT-1",1.36471370405063
"GAACCTAAGCCAGTAG-1",0
"GAACCTACAAGGACAC-1",1.89794210856257
"GAACCTACAGACACTT-1",1.7675908410758
"GAACCTAGTACCAGTT-1",1.70042526017336
"GAACCTAGTGTCAATC-1",0
"GAACCTATCACGATGT-1",1.93704846870536
"GAACGGAAGACGCAAC-1",0
"GAACGGAAGTAATCCC-1",0
"GAACGGAAGTCAATAG-1",0
"GAACGGAAGTGGACGT-1",0
"GAACGGACACAGCGTC-1",0
"GAACGGACACCTCGTT-1",0
"GAACGGACACTTAACG-1",0
"GAACGGAGTAGCGTAG-1",0
"GAACGGAGTCAGAGGT-1",0
"GAACGGAGTGGCGAAT-1",1.43801721308982
"GAACGGATCACTCCTG-1",0
"GAACGGATCCACGAAT-1",1.75838777152377
"GAACGGATCGTAGGAG-1",0
"GAACGGATCTGTCAAG-1",0
"GAAGCAGAGACTAAGT-1",1.34277466391253
"GAAGCAGAGAGACGAA-1",0
"GAAGCAGAGCCACGCT-1",0
"GAAGCAGAGTTCGCGC-1",1.60688281682492
"GAAGCAGCAATCCGAT-1",0
"GAAGCAGCAGATCTGT-1",10.5855613794054
"GAAGCAGCAGATGAGC-1",1.69823341121723
"GAAGCAGCATGAACCT-1",1.2798371326043
"GAAGCAGCATGGAATA-1",1.95297183875224
"GAAGCAGGTAACGCGA-1",0
"GAAGCAGGTCATACTG-1",0
"GAAGCAGTCCTAGTGA-1",2.84767971557316
"GAAGCAGTCTTATCTG-1",0
"GAATAAGCAAGGTGTG-1",1.34110442770281
"GAATAAGCAGACAAGC-1",0
"GAATAAGCATGCAACT-1",0
"GAATAAGGTCCGTTAA-1",5.99127795394638
"GAATAAGGTGAGTGAC-1",0
"GAATAAGGTTCCCTTG-1",1.79593833030302
"GAATAAGTCGTTTAGG-1",3.74939360224852
"GAATGAAAGAGTCTGG-1",4.10363110922015
"GAATGAAAGCTTATCG-1",18.4480193961826
"GAATGAAAGGCATGTG-1",0
"GAATGAACAAACGCGA-1",0
"GAATGAACAGTGAGTG-1",3.61730136580627
"GAATGAACATCATCCC-1",1.97189696193637
"GAATGAAGTCAACATC-1",0
"GAATGAAGTCTCACCT-1",0
"GAATGAAGTGGCAAAC-1",8.62566699242031
"GAATGAAGTTGCGTTA-1",10.5399437089311
"GAATGAATCAGTTAGC-1",0
"GAATGAATCCTGCCAT-1",0
"GACACGCAGACGCACA-1",1.65924073491792
"GACACGCAGAGTAATC-1",3.89587145823543
"GACACGCAGCCAACAG-1",5.62702085650046
"GACACGCAGGAGTTTA-1",0
"GACACGCAGGGCATGT-1",1.86863594734354
"GACACGCAGGTGCACA-1",0
"GACACGCAGTCCAGGA-1",2.81224474026215
"GACACGCAGTGGGATC-1",1.50547893870156
"GACACGCAGTGGGTTG-1",0
"GACACGCCAAGCGTAG-1",0
"GACACGCCAAGGACAC-1",1.73839957358052
"GACACGCCAGACGCTC-1",2.25699340106876
"GACACGCCATCCTTGC-1",0
"GACACGCGTTCACGGC-1",0
"GACACGCTCATGTAGC-1",0
"GACAGAGAGTACGATA-1",0
"GACAGAGCAACGATCT-1",0
"GACAGAGCAAGTCTAC-1",22.7232258734062
"GACAGAGCAGCTCCGA-1",0
"GACAGAGCAGCTGGCT-1",2.71883501874335
"GACAGAGTCAAACAAG-1",0
"GACAGAGTCAGAGACG-1",5.62702085650046
"GACAGAGTCCTTCAAT-1",1.39864534214568
"GACAGAGTCCTTGCCA-1",1.69423300438744
"GACAGAGTCTTCATGT-1",0
"GACCAATAGAAGGGTA-1",0
"GACCAATAGCTACCGC-1",1.70926277259295
"GACCAATAGCTACCTA-1",2.08409291695351
"GACCAATCAGGTGCCT-1",1.32934023152993
"GACCAATCATGCGCAC-1",1.59990646616855
"GACCAATGTACAGTTC-1",0
"GACCAATGTCGCTTCT-1",5.62702085650046
"GACCAATTCCGATATG-1",3.41190325085093
"GACCAATTCGAATGGG-1",0
"GACCAATTCGTCACGG-1",0
"GACCTGGCATCACAAC-1",0
"GACCTGGCATGTCTCC-1",1.70926277259295
"GACCTGGCATTGGCGC-1",1.56220326605152
"GACCTGGGTAAAGGAG-1",0
"GACCTGGGTCCAGTTA-1",2.81224474026215
"GACCTGGGTGCAGTAG-1",0
"GACCTGGTCATAGCAC-1",3.6518796265744
"GACCTGGTCCTTGCCA-1",0
"GACCTGGTCGCATGAT-1",3.70644254907422
"GACCTGGTCGTCACGG-1",1.65648982452361
"GACGCGTAGTGGTAAT-1",0
"GACGCGTAGTTGTAGA-1",4.44894682281126
"GACGCGTGTAAAGGAG-1",0
"GACGCGTGTGTGAAAT-1",20.8546920015227
"GACGCGTGTTAAGACA-1",0
"GACGCGTTCAAACCGT-1",0
"GACGCGTTCCAAATGC-1",1.50547893870156
"GACGCGTTCCGCGGTA-1",1.82458284121735
"GACGCGTTCCTACAGA-1",13.0736254888927
"GACGCGTTCTCCGGTT-1",0
"GACGGCTAGAAGATTC-1",5.62702085650046
"GACGGCTAGAGCTGGT-1",1.70593547338393
"GACGGCTCAAGGTTTC-1",1.48825403874962
"GACGGCTCACCGCTAG-1",1.67563051423948
"GACGGCTCATGAACCT-1",1.86724712895827
"GACGGCTCATGCAACT-1",1.34110442770281
"GACGGCTGTGTGTGCC-1",3.91858892235328
"GACGGCTGTTATGTGC-1",0
"GACGGCTGTTTGGCGC-1",0
"GACGGCTTCTATCGCC-1",1.35716679882967
"GACGTGCAGGCAAAGA-1",0
"GACGTGCAGGGTGTGT-1",1.36060487500458
"GACGTGCAGGTGTTAA-1",1.75561046564543
"GACGTGCCAGGTCGTC-1",1.97189696193637
"GACGTGCGTAACGTTC-1",0
"GACGTGCTCACCTCGT-1",0
"GACGTTAAGCTACCGC-1",0
"GACGTTAAGGCAAAGA-1",1.40953699762249
"GACGTTAAGTCAAGCG-1",1.67987888376149
"GACGTTACAAGCCATT-1",0
"GACGTTACAAGGTTTC-1",0
"GACGTTACAGACACTT-1",0
"GACGTTAGTATCTGCA-1",2.01855170845776
"GACGTTAGTTTGACAC-1",0
"GACGTTAGTTTGACTG-1",1.60688281682492
"GACGTTATCACAGGCC-1",1.70042526017336
"GACGTTATCATTGCGA-1",1.93704846870536
"GACGTTATCCCGGATG-1",1.82458284121735
"GACGTTATCCGAAGAG-1",0
"GACGTTATCGCGTTTC-1",3.09021674882426
"GACGTTATCTGTCCGT-1",1.64189179728152
"GACTAACAGACAGAGA-1",1.40953699762249
"GACTAACAGTGGAGAA-1",0
"GACTAACCAAATCCGT-1",0
"GACTAACGTCTAGTCA-1",0
"GACTAACGTGCAACTT-1",0
"GACTAACGTTCAGACT-1",1.99148227932181
"GACTAACTCCTTTCTC-1",1.7399468934154
"GACTAACTCTTGCCGT-1",0
"GACTAACTCTTTACAC-1",1.34110442770281
"GACTACAAGATATGGT-1",0
"GACTACACAAATCCGT-1",1.5480586557117
"GACTACAGTGCTGTAT-1",1.34277466391253
"GACTACATCAGCCTAA-1",2.14560021193091
"GACTACATCAGGTAAA-1",0
"GACTACATCTGCAGTA-1",0
"GACTGCGAGCGTAGTG-1",4.44894682281126
"GACTGCGAGTTGTAGA-1",0
"GACTGCGCACTTAACG-1",1.77977734016826
"GACTGCGCATGTTCCC-1",1.89361497818834
"GACTGCGGTACGCACC-1",1.65648982452361
"GACTGCGGTTCTCATT-1",0
"GACTGCGTCAACACAC-1",1.43386668376264
"GACTGCGTCACGACTA-1",2.67382284830196
"GACTGCGTCGCCCTTA-1",0
"GACTGCGTCTCAAACG-1",0
"GAGCAGAGTAGGGTAC-1",0
"GAGCAGAGTCAGATAA-1",5.16007883753919
"GAGCAGAGTCATATGC-1",2.14560021193091
"GAGCAGAGTGAGCGAT-1",0
"GAGCAGAGTGTAACGG-1",0
"GAGCAGAGTGTGACCC-1",1.70042526017336
"GAGCAGAGTTCGGGCT-1",0
"GAGCAGAGTTTAAGCC-1",22.7232258734062
"GAGCAGAGTTTGCATG-1",0
"GAGGTGAAGCAACGGT-1",0
"GAGGTGAAGGCTCTTA-1",0
"GAGGTGAAGTGGTAGC-1",0
"GAGGTGAAGTTGTAGA-1",1.82458284121735
"GAGGTGACACTGTCGG-1",0
"GAGGTGACATCCTTGC-1",1.97189696193637
"GAGGTGACATGCATGT-1",0
"GAGGTGAGTACCTACA-1",2.67382284830196
"GAGGTGAGTCATTAGC-1",1.34277466391253
"GAGGTGAGTTCCTCCA-1",0
"GAGGTGATCATCGCTC-1",2.0491530953547
"GAGGTGATCTAGAGTC-1",0
"GAGGTGATCTCTAGGA-1",1.44516265397505
"GAGGTGATCTGCTGTC-1",12.4969314830609
"GAGGTGATCTGGGCCA-1",0
"GAGTCCGAGGACAGAA-1",1.2798371326043
"GAGTCCGAGGCATGTG-1",1.94163663827793
"GAGTCCGAGGCGTACA-1",1.82023447116132
"GAGTCCGCAAACCCAT-1",0
"GAGTCCGGTCAAGCGA-1",0
"GAGTCCGGTGACCAAG-1",1.70926277259295
"GAGTCCGGTGACTCAT-1",0
"GAGTCCGGTGTGACCC-1",1.89794210856257
"GAGTCCGGTTCGGGCT-1",0
"GAGTCCGGTTTGCATG-1",3.48336272316339
"GAGTCCGTCGGCGCAT-1",1.60688281682492
"GAGTCCGTCTGATTCT-1",0
"GATCAGTAGATGTCGG-1",21.3391798287885
"GATCAGTAGTGGTAGC-1",20.657401784877
"GATCAGTGTATATGAG-1",0
"GATCAGTGTCTGCGGT-1",0
"GATCAGTGTTATGCGT-1",1.99148227932181
"GATCAGTGTTGTACAC-1",0
"GATCGATAGAATGTTG-1",3.09021674882426
"GATCGATAGAGCTGCA-1",4.44894682281126
"GATCGATAGCATGGCA-1",0
"GATCGATCAAGCGAGT-1",1.79593833030302
"GATCGATCAAGCGTAG-1",1.95297183875224
"GATCGATGTCAACATC-1",1.67987888376149
"GATCGATGTTGCCTCT-1",2.04387007589497
"GATCGATTCCGCATCT-1",2.81224474026215
"GATCGCGAGATAGTCA-1",1.34110442770281
"GATCGCGAGCCTTGAT-1",0
"GATCGCGAGGAGCGTT-1",1.63056832072081
"GATCGCGCAGGTCGTC-1",18.6684450132659
"GATCGCGGTACAGCAG-1",0
"GATCGCGGTGAGTATA-1",1.94163663827793
"GATCGCGGTTGTCGCG-1",5.62702085650046
"GATCGCGTCACTCCTG-1",3.4530360385079
"GATCGTAAGACATAAC-1",0
"GATCGTAAGCTCAACT-1",0
"GATCGTACATAACCTG-1",0
"GATCGTAGTGGCTCCA-1",0
"GATCGTATCATATCGG-1",0
"GATCGTATCATGTCCC-1",0
"GATCGTATCTTACCGC-1",0
"GATCTAGAGCGTCTAT-1",0
"GATCTAGAGTGGAGAA-1",0
"GATCTAGCAACACCTA-1",0
"GATCTAGCAAGGGTCA-1",2.26173094927769
"GATCTAGGTCTAAAGA-1",7.13448554955361
"GATCTAGGTCTCACCT-1",5.62702085650046
"GATCTAGGTCTCTTTA-1",0
"GATCTAGTCACATAGC-1",0
"GATCTAGTCTAAGCCA-1",21.3391798287885
"GATGAAAAGAGTAATC-1",0
"GATGAAAAGCTCCCAG-1",9.42277900721993
"GATGAAACACGGTAGA-1",1.75561046564543
"GATGAAACAGCTGTAT-1",0
"GATGAAAGTGGGTATG-1",1.04724759607652
"GATGAAATCACCCTCA-1",1.7675908410758
"GATGAAATCACTCCTG-1",5.62702085650046
"GATGAAATCAGCAACT-1",1.79593833030302
"GATGAAATCGAGAGCA-1",0
"GATGAGGAGATCCCGC-1",1.82023447116132
"GATGAGGAGTTCGATC-1",1.48825403874962
"GATGAGGCACCAGTTA-1",1.60688281682492
"GATGAGGGTATCACCA-1",0
"GATGAGGGTATTCGTG-1",0
"GATGAGGGTCGCGTGT-1",18.6684450132659
"GATGAGGGTGATGATA-1",7.13448554955361
"GATGAGGTCACAGGCC-1",0
"GATGAGGTCACATAGC-1",13.2730328550686
"GATGAGGTCCCTTGTG-1",0
"GATGAGGTCTGCTGTC-1",2.67382284830196
"GATGCTAAGACTAAGT-1",0
"GATGCTAAGGATGCGT-1",1.79593833030302
"GATGCTAAGGCTCTTA-1",0
"GATGCTAAGGGAACGG-1",1.93704846870536
"GATGCTAAGTATCTCG-1",1.44516265397505
"GATGCTAAGTCTCGGC-1",1.36082041988671
"GATGCTACATGTTGAC-1",0
"GATGCTACATTGCGGC-1",1.36082041988671
"GATGCTAGTCTCCATC-1",0
"GATGCTAGTGGAAAGA-1",3.81640295394429
"GATGCTAGTTAGGGTG-1",5.16072717970145
"GATGCTATCCTGTACC-1",0
"GATGCTATCGGCGCTA-1",0
"GATTCAGAGAAACCTA-1",0
"GATTCAGAGAGTGACC-1",4.60385630822549
"GATTCAGAGATTACCC-1",1.2798371326043
"GATTCAGAGGGTCGAT-1",1.7675908410758
"GATTCAGAGGTCGGAT-1",0
"GATTCAGAGTCAATAG-1",3.48336272316339
"GATTCAGCAAGTTGTC-1",0
"GATTCAGCAATTCCTT-1",2.26173094927769
"GATTCAGCAGGGTACA-1",0
"GATTCAGCATCGACGC-1",0
"GATTCAGCATTATCTC-1",2.81224474026215
"GATTCAGGTAAATACG-1",22.7232258734062
"GATTCAGTCAACTCTT-1",1.46275760086849
"GCAAACTAGATGTTAG-1",0
"GCAAACTAGTCATGCT-1",1.86909947255371
"GCAAACTAGTCTCAAC-1",1.69169931933607
"GCAAACTCACAGGTTT-1",0
"GCAAACTGTCAGATAA-1",0
"GCAAACTGTCTCCATC-1",0
"GCAAACTTCGTGGTCG-1",1.34110442770281
"GCAATCAAGGGATCTG-1",0
"GCAATCAAGTATCTCG-1",1.70042526017336
"GCAATCAAGTGGGTTG-1",1.46275760086849
"GCAATCACAGCTTAAC-1",1.95297183875224
"GCAATCACATGTCGAT-1",0
"GCAATCACATTCCTCG-1",0
"GCAATCAGTAGGAGTC-1",0
"GCAATCAGTATAATGG-1",1.46275760086849
"GCAATCAGTTCTCATT-1",0
"GCAATCAGTTCTGGTA-1",1.36082041988671
"GCACATAAGAGCTATA-1",0
"GCACATAAGATGTTAG-1",0
"GCACATAAGCCTTGAT-1",1.82110205144729
"GCACATAAGGAGTACC-1",0
"GCACATAAGTGAAGTT-1",1.89361497818834
"GCACATACACCACGTG-1",0
"GCACATACAGCTGTAT-1",0
"GCACATACAGGAACGT-1",0
"GCACATAGTCATCGGC-1",0
"GCACATAGTCCGAATT-1",0
"GCACATAGTCTCTTTA-1",3.91858892235328
"GCACATAGTGCGCTTG-1",1.60688281682492
"GCACATATCACCTCGT-1",0
"GCACATATCTGGTTCC-1",1.95297183875224
"GCACTCTCAAGACACG-1",0
"GCACTCTCAATCACAC-1",0
"GCACTCTCATTTCAGG-1",0
"GCACTCTGTAAACCTC-1",0
"GCACTCTGTACCAGTT-1",1.35716679882967
"GCACTCTGTAGAAAGG-1",0
"GCACTCTGTCGAACAG-1",1.95089811949327
"GCACTCTGTCTAGGTT-1",2.26173094927769
"GCACTCTTCAACTCTT-1",1.7675908410758
"GCACTCTTCCCTAATT-1",0
"GCACTCTTCTGCCCTA-1",0
"GCAGCCAAGCTGATAA-1",0
"GCAGCCACATGAGCGA-1",0
"GCAGCCAGTAATCGTC-1",0
"GCAGCCAGTGTCGCTG-1",4.28582421083714
"GCAGCCATCAGTTGAC-1",0
"GCAGCCATCCCAACGG-1",3.48336272316339
"GCAGCCATCCGTACAA-1",0
"GCAGTTAAGTCCATAC-1",3.14358397094908
"GCAGTTAAGTCCGTAT-1",0
"GCAGTTAAGTTAACGA-1",0
"GCAGTTAGTGGACGAT-1",0
"GCAGTTAGTTATTCTC-1",0
"GCAGTTATCGCGATCG-1",0
"GCATACAAGATCTGCT-1",2.71883501874335
"GCATACAAGCAACGGT-1",3.14358397094908
"GCATACACAACGCACC-1",0
"GCATACACAAGGACTG-1",9.94684539311521
"GCATACACAAGTCTGT-1",20.3766393048015
"GCATACACAGTCAGCC-1",0
"GCATACACATCCTAGA-1",0
"GCATACACATCGGAAG-1",1.89361497818834
"GCATACAGTCCGAACC-1",0
"GCATACAGTTCTGGTA-1",0
"GCATACATCCACGACG-1",0
"GCATGATAGAATGTTG-1",1.60688281682492
"GCATGATAGAGTAATC-1",0
"GCATGATAGCTGATAA-1",0
"GCATGATAGGACCACA-1",0
"GCATGATAGGCTAGCA-1",0
"GCATGATAGTCAAGCG-1",2.08409291695351
"GCATGATAGTGGAGAA-1",0
"GCATGATCACACCGAC-1",0
"GCATGATCACATTTCT-1",0
"GCATGATGTCCCTACT-1",1.75838777152377
"GCATGATGTTGCGCAC-1",0
"GCATGATTCGTGGACC-1",1.7399468934154
"GCATGCGAGCATGGCA-1",0
"GCATGCGAGTCCAGGA-1",3.5993721777065
"GCATGCGCACTGCCAG-1",0
"GCATGCGGTAAGGATT-1",0
"GCATGCGGTCCTCTTG-1",0
"GCATGCGGTGTGAAAT-1",1.63056832072081
"GCATGCGTCCGCGGTA-1",0
"GCATGTAAGAACTGTA-1",1.79134292404771
"GCATGTAAGACAGACC-1",1.7900947443555
"GCATGTAAGTACTTGC-1",0
"GCATGTAAGTGCAAGC-1",0
"GCATGTACAACACGCC-1",4.28582421083714
"GCATGTATCACGAAGG-1",0
"GCCAAATCAAACTGTC-1",0
"GCCAAATCAAGGGTCA-1",0
"GCCAAATCAAGTTCTG-1",0
"GCCAAATCATAACCTG-1",0
"GCCAAATGTATAAACG-1",1.36082041988671
"GCCAAATGTGTTTGGT-1",0
"GCCAAATGTTTCGCTC-1",11.7278673141423
"GCCAAATTCAGGTAAA-1",0
"GCCAAATTCCGAGCCA-1",1.94163663827793
"GCCAAATTCCGCGGTA-1",0
"GCCAAATTCGGCTACG-1",1.93704846870536
"GCCTCTAAGAGTACCG-1",6.73784656902999
"GCCTCTAAGCCATCGC-1",1.86863594734354
"GCCTCTAAGCCGCCTA-1",1.86724712895827
"GCCTCTAAGCGATAGC-1",0
"GCCTCTAAGCTGCAAG-1",1.34277466391253
"GCCTCTAAGCTTCGCG-1",2.26173094927769
"GCCTCTAAGTCACGCC-1",0
"GCCTCTACAAGACGTG-1",0
"GCCTCTACAGCTATTG-1",2.08409291695351
"GCCTCTAGTAAGGATT-1",1.7399468934154
"GCCTCTAGTGATGATA-1",0
"GCCTCTAGTTAAGGGC-1",1.67987888376149
"GCCTCTATCAGCGACC-1",1.95089811949327
"GCCTCTATCCGATATG-1",3.82579010380222
"GCCTCTATCGAATCCA-1",1.86724712895827
"GCCTCTATCGAGCCCA-1",0
"GCCTCTATCGCTGATA-1",20.3766393048015
"GCCTCTATCTTTAGGG-1",0
"GCGACCAAGAGGTTAT-1",0
"GCGACCACACTTACGA-1",2.02025167330389
"GCGACCAGTCAGGACA-1",0
"GCGACCAGTCTAGAGG-1",0
"GCGACCATCAACGGGA-1",5.86962567715413
"GCGACCATCCCGGATG-1",1.89361497818834
"GCGACCATCTACTCAT-1",2.99138874060752
"GCGAGAAAGGTTCCTA-1",2.84767971557316
"GCGAGAAAGTACGATA-1",0
"GCGAGAAAGTGTCTCA-1",0
"GCGAGAACAAGCCCAC-1",20.4451785000097
"GCGAGAACACTGAAGG-1",5.62702085650046
"GCGAGAAGTAGCGCTC-1",1.70926277259295
"GCGAGAAGTCCCTACT-1",0
"GCGAGAATCCTTTCGG-1",0
"GCGAGAATCGAGAGCA-1",0
"GCGAGAATCGCACTCT-1",0
"GCGCAACAGTCCTCCT-1",0
"GCGCAACAGTGTACGG-1",21.3391798287885
"GCGCAACCAAGTCTGT-1",1.14963232167946
"GCGCAACCAGCCACCA-1",3.83521299994268
"GCGCAACGTAGCGCTC-1",0
"GCGCAACGTCCCTTGT-1",0
"GCGCAACGTCCTAGCG-1",1.34277466391253
"GCGCAACGTCGACTAT-1",1.82458284121735
"GCGCAACGTCTAGAGG-1",3.71109399371261
"GCGCAACTCAATACCG-1",1.69786877827459
"GCGCAGTCACATCCAA-1",1.77977734016826
"GCGCAGTCATTACCTT-1",0
"GCGCAGTGTTAGGGTG-1",0
"GCGCAGTTCGATCCCT-1",0
"GCGCAGTTCGCGGATC-1",0
"GCGCCAAAGACATAAC-1",18.3216501328439
"GCGCCAAAGGACAGCT-1",0
"GCGCCAAAGGCCCTTG-1",1.95401084829981
"GCGCCAAAGGGCTTCC-1",0
"GCGCCAAAGGTACTCT-1",1.65648982452361
"GCGCCAACATAACCTG-1",3.53349314884567
"GCGCCAACATTGGGCC-1",0
"GCGCCAAGTACTTGAC-1",1.89794210856257
"GCGCCAAGTCGGCACT-1",1.69423300438744
"GCGCCAAGTGAAAGAG-1",1.71671439966477
"GCGCCAAGTTGTACAC-1",0
"GCGCCAATCCGTTGCT-1",2.08409291695351
"GCGCGATAGAAGGTTT-1",1.93704846870536
"GCGCGATAGCAGGTCA-1",0
"GCGCGATAGTGAATTG-1",2.6393904798448
"GCGCGATAGTTTGCGT-1",0
"GCGCGATCAGCTCGAC-1",1.69823341121723
"GCGCGATGTAAGTAGT-1",1.86909947255371
"GCGCGATGTCACTTCC-1",0
"GCGCGATGTTACCAGT-1",0
"GCGCGATTCAGTTAGC-1",0
"GCGCGATTCGTTTAGG-1",1.67563051423948
"GCGGGTTAGAAACGAG-1",10.5399437089311
"GCGGGTTAGCTATGCT-1",0
"GCGGGTTAGTGTGAAT-1",3.05557432745314
"GCGGGTTCACGCGAAA-1",0
"GCGGGTTCAGGCAGTA-1",0
"GCGGGTTCAGTAACGG-1",0
"GCGGGTTGTGAGTATA-1",3.48232743105584
"GCGGGTTGTGGCGAAT-1",3.20729939062962
"GCGGGTTTCCAAAGTC-1",1.35716679882967
"GCGGGTTTCCTTTCTC-1",0
"GCGGGTTTCTCCAACC-1",0
"GCGGGTTTCTTGAGGT-1",0
"GCGGGTTTCTTGTATC-1",3.14358397094908
"GCTCCTACAAACTGTC-1",20.8546920015227
"GCTCCTACACCAGGTC-1",0
"GCTCCTACACCGATAT-1",1.82023447116132
"GCTCCTACAGGGTACA-1",2.71883501874335
"GCTCCTACATTAGCCA-1",1.44516265397505
"GCTCCTAGTCAGGACA-1",11.2699427978853
"GCTCCTAGTCCGTCAG-1",0
"GCTCCTATCAGCCTAA-1",0
"GCTCCTATCCCTAATT-1",0
"GCTCTGTAGAGGTAGA-1",0
"GCTCTGTAGCTGAACG-1",0
"GCTCTGTAGGAGTCTG-1",0
"GCTCTGTAGTGCTGCC-1",1.93704846870536
"GCTCTGTAGTGGACGT-1",0
"GCTCTGTTCACCTCGT-1",0
"GCTGCAGAGCGTGAGT-1",0
"GCTGCAGAGTCAAGCG-1",0
"GCTGCAGAGTCCCACG-1",0
"GCTGCAGCAATTGCTG-1",0
"GCTGCAGCATGCCCGA-1",0
"GCTGCAGCATGCCTAA-1",0
"GCTGCAGGTAAACCTC-1",3.53349314884567
"GCTGCAGGTACGAAAT-1",0
"GCTGCAGGTAGCGCAA-1",0
"GCTGCAGGTCACCCAG-1",0
"GCTGCAGGTCATGCCG-1",4.28582421083714
"GCTGCGAAGGAATGGA-1",1.8737509171921
"GCTGCGAGTCTAACGT-1",0
"GCTGCGAGTGTTTGGT-1",1.43899788613906
"GCTGCGATCTCCTATA-1",0
"GCTGCGATCTTGTTTG-1",1.67563051423948
"GCTGCTTAGAATTGTG-1",0
"GCTGCTTAGGCAATTA-1",0
"GCTGCTTCATCACGTA-1",1.69786877827459
"GCTGCTTCATCCAACA-1",16.5113184600348
"GCTGCTTCATGCCTAA-1",1.86724712895827
"GCTGCTTCATGGTCAT-1",2.01855170845776
"GCTGCTTGTAACGACG-1",0
"GCTGCTTGTAATCGTC-1",1.67987888376149
"GCTGCTTGTAGGGACT-1",0
"GCTGCTTGTGAAAGAG-1",3.67155811523456
"GCTGCTTTCCGGGTGT-1",1.56369446183241
"GCTGGGTAGACCCACC-1",0
"GCTGGGTAGCCACGCT-1",3.53349314884567
"GCTGGGTAGTCGCCGT-1",0
"GCTGGGTAGTCTCAAC-1",0
"GCTGGGTCACGGCTAC-1",22.7232258734062
"GCTGGGTCAGCCAATT-1",0
"GCTGGGTGTACAGTTC-1",0
"GCTGGGTGTACCGTTA-1",1.89361497818834
"GCTGGGTGTCGAGTTT-1",0
"GCTGGGTGTCTCCACT-1",1.87561978493154
"GCTGGGTGTGCCTGTG-1",0
"GCTGGGTTCAGCTTAG-1",0
"GCTGGGTTCCTTAATC-1",12.749972473599
"GCTTCCAAGAAACCTA-1",1.87281826504998
"GCTTCCACACCACCAG-1",0
"GCTTCCACAGGTCGTC-1",0
"GCTTCCACAGTGAGTG-1",1.46275760086849
"GCTTCCAGTATAGGTA-1",1.77977734016826
"GCTTCCAGTTCAGCGC-1",0
"GCTTCCATCGTCCAGG-1",0
"GCTTGAAAGATGGCGT-1",3.74939360224852
"GCTTGAAAGCCGTCGT-1",0
"GCTTGAACAAACCTAC-1",1.67987888376149
"GCTTGAACACGGTGTC-1",1.82458284121735
"GCTTGAACATCGGAAG-1",3.17903321368423
"GCTTGAAGTGCGGTAA-1",0
"GCTTGAAGTTCTCATT-1",1.7675908410758
"GCTTGAATCAGGATCT-1",0
"GGAAAGCAGGCAGGTT-1",0
"GGAAAGCCAAACGCGA-1",0
"GGAAAGCCAAGTACCT-1",0
"GGAAAGCGTAAGCACG-1",0
"GGAAAGCGTCCTCCAT-1",0
"GGAAAGCGTCGCGTGT-1",1.89361497818834
"GGAAAGCGTGCTTCTC-1",3.06187236493098
"GGAAAGCTCCAGAGGA-1",0
"GGAACTTAGAGTAAGG-1",0
"GGAACTTCAATGTAAG-1",0
"GGAACTTCACAGGAGT-1",0
"GGAACTTCACCTCGTT-1",0
"GGAACTTGTCTCTTTA-1",2.57089246295127
"GGAACTTTCATTGCCC-1",0
"GGAACTTTCATTTGGG-1",1.72047038548075
"GGAACTTTCCGTCATC-1",1.86909947255371
"GGAACTTTCCTCAACC-1",5.76937479269653
"GGAACTTTCGGATGTT-1",2.25699340106876
"GGAATAAAGGTACTCT-1",0
"GGAATAAAGTGTCCAT-1",1.43386668376264
"GGAATAACAGCGTCCA-1",0
"GGAATAAGTCTGGTCG-1",0
"GGAATAAGTGCAGGTA-1",2.14560021193091
"GGAATAATCAGCACAT-1",0
"GGAATAATCTTTACGT-1",1.43386668376264
"GGACAAGAGGTACTCT-1",3.8395787468405
"GGACAAGCAACGATGG-1",1.69423300438744
"GGACAAGCAGTCGTGC-1",18.5893772980481
"GGACAAGCATGGGACA-1",3.14358397094908
"GGACAAGGTATAAACG-1",1.49412245867914
"GGACAAGGTATGAAAC-1",0
"GGACAAGGTCGGCATC-1",5.16072717970145
"GGACAAGGTTATGCGT-1",0
"GGACAAGTCTAACGGT-1",1.95089811949327
"GGACAGAAGCTAGTCT-1",1.60688281682492
"GGACAGAAGTACTTGC-1",1.56369446183241
"GGACAGACAACACGCC-1",1.82023447116132
"GGACAGACACAAGCCC-1",1.70042526017336
"GGACAGAGTAAGTGGC-1",0
"GGACAGAGTCTTTCAT-1",2.25699340106876
"GGACAGAGTGAGGGAG-1",3.17600877103057
"GGACAGAGTTCCACAA-1",3.75652904647769
"GGACAGATCAACGCTA-1",1.14963232167946
"GGACATTAGAGGGCTT-1",0
"GGACATTAGCCACGTC-1",0
"GGACATTCAAACGCGA-1",13.0736254888927
"GGACATTCAATGACCT-1",1.79593833030302
"GGACATTCACCAGCAC-1",1.93704846870536
"GGACATTGTTCTGGTA-1",0
"GGACATTTCCTCTAGC-1",0
"GGACGTCAGTACTTGC-1",1.91550807631439
"GGACGTCAGTGGTAAT-1",0
"GGACGTCCACAGTCGC-1",0
"GGACGTCGTGAGGGAG-1",0
"GGACGTCGTGGCGAAT-1",0
"GGACGTCGTTACGGAG-1",0
"GGACGTCGTTTAAGCC-1",0
"GGACGTCTCCACTCCA-1",1.82110205144729
"GGACGTCTCGCAAACT-1",1.64762556764427
"GGACGTCTCTCCAGGG-1",0
"GGACGTCTCTCGAGTA-1",18.4480193961826
"GGACGTCTCTGGTGTA-1",1.34110442770281
"GGACGTCTCTTCGAGA-1",1.69823341121723
"GGAGCAAAGAACTCGG-1",0
"GGAGCAAAGACTGTAA-1",1.14963232167946
"GGAGCAAAGCCGCCTA-1",0
"GGAGCAAAGCTAAACA-1",16.5113184600348
"GGAGCAAAGTACGCCC-1",0
"GGAGCAACAAGCTGTT-1",1.73839957358052
"GGAGCAACAATGGACG-1",1.95089811949327
"GGAGCAACAATTCCTT-1",1.67775140648335
"GGAGCAACATGCTGGC-1",1.70042526017336
"GGAGCAAGTGAGTATA-1",1.17422552020476
"GGAGCAAGTTACTGAC-1",0
"GGAGCAATCAAGATCC-1",1.70926277259295
"GGAGCAATCCCATTTA-1",0
"GGATGTTCAAACTGTC-1",16.5113184600348
"GGATGTTTCATCACCC-1",0
"GGATGTTTCATGCATG-1",3.53349314884567
"GGATGTTTCCTACAGA-1",0
"GGATGTTTCCTCTAGC-1",0
"GGATTACAGATCCCAT-1",0
"GGATTACAGCTTCGCG-1",18.5893772980481
"GGATTACAGGCTAGCA-1",1.44516265397505
"GGATTACAGTATCTCG-1",0
"GGATTACCAAGCGTAG-1",2.57089246295127
"GGATTACCACATCCGG-1",0
"GGATTACCAGCGTAAG-1",2.31656371763325
"GGATTACGTAATAGCA-1",0
"GGATTACGTACACCGC-1",3.39000121052405
"GGATTACGTCTCTTTA-1",20.4451785000097
"GGATTACGTTGAGGTG-1",1.86724712895827
"GGATTACTCGCGCCAA-1",1.50547893870156
"GGATTACTCGGCGCAT-1",0
"GGATTACTCTGCCCTA-1",1.2798371326043
"GGCAATTCAATCGGTT-1",3.06187236493098
"GGCAATTCACGGCGTT-1",0
"GGCAATTCATCACCCT-1",1.69823341121723
"GGCAATTGTCGATTGT-1",0
"GGCAATTTCACTTACT-1",0
"GGCAATTTCAGCACAT-1",0
"GGCAATTTCTCCGGTT-1",1.34277466391253
"GGCCGATAGTGTCTCA-1",1.70926277259295
"GGCCGATCACGGACAA-1",1.82110205144729
"GGCCGATGTAGGACAC-1",0
"GGCCGATGTCACTGGC-1",1.44516265397505
"GGCCGATGTCCCTACT-1",2.26173094927769
"GGCCGATTCACCGTAA-1",1.94163663827793
"GGCCGATTCCGCGCAA-1",0
"GGCGACTAGAGCTGGT-1",0
"GGCGACTAGGACCACA-1",1.69169931933607
"GGCGACTAGGTTACCT-1",4.28582421083714
"GGCGACTCAAAGCGGT-1",0
"GGCGACTCAAGAGTCG-1",0
"GGCGACTCACCAGGTC-1",0
"GGCGACTCATTGTGCA-1",1.89794210856257
"GGCGACTTCAGAAATG-1",13.2730328550686
"GGCGACTTCAGAGACG-1",0
"GGCGACTTCCAGATCA-1",1.43386668376264
"GGCGACTTCTCTAGGA-1",3.83521299994268
"GGCGTGTAGCTAGCCC-1",1.68701849187099
"GGCGTGTAGGGTATCG-1",0
"GGCGTGTCAGGTCCAC-1",0
"GGCGTGTCAGTATAAG-1",3.8395787468405
"GGCGTGTCATCGTCGG-1",0
"GGCGTGTCATGGAATA-1",1.89361497818834
"GGCGTGTGTCTCCCTA-1",2.67382284830196
"GGCGTGTTCTTGAGGT-1",0
"GGCTCGAAGCCGTCGT-1",3.05579765251379
"GGCTCGAAGGTAAACT-1",12.5675433385846
"GGCTCGACAAGAAGAG-1",4.28582421083714
"GGCTCGACAATAGCAA-1",7.47639189876195
"GGCTCGACATGGTCAT-1",1.2798371326043
"GGCTCGAGTATATCCG-1",0
"GGCTCGAGTTACGTCA-1",0
"GGCTCGAGTTAGGGTG-1",1.56220326605152
"GGCTCGATCTGCAAGT-1",15.0872405590113
"GGCTGGTAGAAGAAGC-1",1.89361497818834
"GGCTGGTAGACCCACC-1",1.44516265397505
"GGCTGGTCAAGGACAC-1",0
"GGCTGGTCACTGCCAG-1",0
"GGCTGGTCATTTCAGG-1",0
"GGCTGGTGTATTCTCT-1",0
"GGCTGGTGTCGCATCG-1",8.19401061011036
"GGCTGGTGTCTAGTGT-1",0
"GGCTGGTGTTATGCGT-1",3.89587145823543
"GGGAATGAGCGTTGCC-1",0
"GGGAATGAGTAGGTGC-1",0
"GGGAATGGTAAGGGAA-1",0
"GGGAATGTCAACGAAA-1",1.95401084829981
"GGGAATGTCCAGTATG-1",1.7399468934154
"GGGAATGTCCGGGTGT-1",1.70042526017336
"GGGACCTAGATGTAAC-1",0
"GGGACCTAGTCTTGCA-1",1.36471370405063
"GGGACCTCAATCAGAA-1",0
"GGGACCTCACTGAAGG-1",0
"GGGAGATAGTACGACG-1",0
"GGGAGATCAAAGTGCG-1",1.69423300438744
"GGGAGATCAAATCCGT-1",1.2798371326043
"GGGAGATCAAGGACTG-1",1.69423300438744
"GGGAGATCACGCGAAA-1",0
"GGGAGATGTAGCGCAA-1",3.05557432745314
"GGGAGATTCAACGGGA-1",0
"GGGAGATTCATCACCC-1",5.76937479269653
"GGGATGAAGTGACATA-1",0
"GGGATGACATCATCCC-1",0
"GGGATGAGTCACCCAG-1",0
"GGGATGAGTGGAAAGA-1",2.08409291695351
"GGGATGAGTTACGACT-1",0
"GGGATGAGTTGGTAAA-1",0
"GGGATGATCAGTTAGC-1",0
"GGGATGATCTATCCTA-1",0
"GGGATGATCTTTAGGG-1",3.81640295394429
"GGGCACTAGTCTCGGC-1",5.76937479269653
"GGGCACTCATCTCCCA-1",0
"GGGCACTTCACCTCGT-1",0
"GGGCACTTCTGAGGGA-1",1.99148227932181
"GGGCATCCAATGTAAG-1",1.69423300438744
"GGGCATCCAGTCTTCC-1",5.16007883753919
"GGGCATCGTGGCGAAT-1",10.6832488776603
"GGGCATCTCACAGTAC-1",2.71883501874335
"GGGCATCTCCCTTGTG-1",1.87281826504998
"GGGCATCTCCGGCACA-1",12.3262542911592
"GGGCATCTCTGTCCGT-1",3.53349314884567
"GGGCATCTCTTATCTG-1",1.7399468934154
"GGGTCTGAGAAGATTC-1",1.91550807631439
"GGGTCTGAGATCCCGC-1",0
"GGGTCTGAGCCAACAG-1",0
"GGGTCTGCACAGGCCT-1",0
"GGGTCTGCACCAGGTC-1",0
"GGGTCTGGTCTGGTCG-1",0
"GGGTCTGGTGATGATA-1",1.46275760086849
"GGGTCTGGTGTGACCC-1",1.78182890102545
"GGGTCTGTCAACTCTT-1",0
"GGGTCTGTCACTCCTG-1",2.84767971557316
"GGGTCTGTCCGTAGTA-1",1.56220326605152
"GGGTTGCAGACAGAGA-1",22.7232258734062
"GGGTTGCAGACCTTTG-1",0
"GGGTTGCAGATCGATA-1",0
"GGGTTGCAGGGTGTTG-1",0
"GGGTTGCAGGTGGGTT-1",0
"GGGTTGCCAATAACGA-1",0
"GGGTTGCCACGCCAGT-1",0
"GGGTTGCCATTAACCG-1",0
"GGGTTGCGTACATCCA-1",0
"GGGTTGCGTAGCGCAA-1",0
"GGGTTGCGTCCTCCAT-1",0
"GGGTTGCGTCGAGTTT-1",0
"GGGTTGCGTGAGTATA-1",1.2798371326043
"GGGTTGCGTGTGACCC-1",3.39000121052405
"GGGTTGCTCGTACCGG-1",1.67987888376149
"GGTATTGAGCACCGTC-1",0
"GGTATTGAGCTATGCT-1",1.63056832072081
"GGTATTGCACATCCAA-1",0
"GGTATTGCAGCTTCGG-1",0
"GGTATTGGTTCCGTCT-1",0
"GGTATTGTCAGAAATG-1",2.57089246295127
"GGTATTGTCCATTCTA-1",7.80132339833563
"GGTATTGTCGCCAGCA-1",1.69823341121723
"GGTGAAGAGACACGAC-1",0
"GGTGAAGAGATCCGAG-1",0
"GGTGAAGCAAGGTGTG-1",1.95297183875224
"GGTGAAGCACTCGACG-1",0
"GGTGAAGCAGTATGCT-1",1.12572980897621
"GGTGAAGGTATGAAAC-1",0
"GGTGAAGGTCAGAATA-1",1.56369446183241
"GGTGAAGGTGGTACAG-1",0
"GGTGAAGGTGTATGGG-1",0
"GGTGAAGGTGTCTGAT-1",1.2798371326043
"GGTGAAGGTGTGGTTT-1",3.48232743105584
"GGTGAAGGTGTGTGCC-1",1.69423300438744
"GGTGAAGTCACGATGT-1",3.41190325085093
"GGTGAAGTCACTCTTA-1",0
"GGTGAAGTCTGGCGTG-1",5.16072717970145
"GGTGCGTAGGTGATTA-1",0
"GGTGCGTAGTACGATA-1",1.70926277259295
"GGTGCGTCACTTAAGC-1",0
"GGTGCGTCAGCTGTAT-1",0
"GGTGCGTGTTCGTTGA-1",1.95297183875224
"GGTGCGTTCCGTACAA-1",3.14358397094908
"GGTGCGTTCTTGACGA-1",0
"GGTGTTAAGGGCTCTC-1",2.132383105178
"GGTGTTAAGTAGCGGT-1",10.6832488776603
"GGTGTTAAGTGGGATC-1",0
"GGTGTTAAGTTATCGC-1",13.2730328550686
"GGTGTTACAAATCCGT-1",1.04724759607652
"GGTGTTACACGGATAG-1",1.95297183875224
"GGTGTTAGTAATCACC-1",3.74939360224852
"GGTGTTAGTAGCAAAT-1",1.69786877827459
"GGTGTTAGTGTATGGG-1",1.89361497818834
"GGTGTTAGTTGAACTC-1",5.76937479269653
"GGTGTTATCGGACAAG-1",0
"GGTGTTATCGGTGTTA-1",0
"GGTGTTATCTACTTAC-1",1.71335126959398
"GTAACGTAGGTGACCA-1",4.36560245707915
"GTAACGTCACAGGCCT-1",0
"GTAACGTGTACCATCA-1",3.81640295394429
"GTAACGTGTGAGTATA-1",1.64189179728152
"GTAACGTGTTACGGAG-1",0
"GTAACGTGTTAGGGTG-1",1.65924073491792
"GTAACGTTCGGTCCGA-1",4.44894682281126
"GTAACGTTCTCATTCA-1",1.56369446183241
"GTAACTGAGTGGGTTG-1",1.56369446183241
"GTAACTGCAATGGAAT-1",0
"GTAACTGCACAGGCCT-1",0
"GTAACTGCAGGATCGA-1",0
"GTAACTGCATCGGGTC-1",3.70644254907422
"GTAACTGGTATTACCG-1",1.64762556764427
"GTAACTGTCACGGTTA-1",0
"GTAACTGTCTACTATC-1",1.69786877827459
"GTACGTAAGGTGCTTT-1",2.71859188510252
"GTACGTACAGGAATGC-1",13.0736254888927
"GTACGTACATGGATGG-1",16.5113184600348
"GTACGTAGTGAGTGAC-1",0
"GTACGTAGTTGGTAAA-1",1.43386668376264
"GTACGTATCACCTCGT-1",0
"GTACGTATCATCGGAT-1",1.95401084829981
"GTACGTATCCACTGGG-1",2.84767971557316
"GTACTCCAGGCAGTCA-1",0
"GTACTCCCAATAGCGG-1",3.14120511844231
"GTACTCCCACAGGTTT-1",0
"GTACTCCTCACCTTAT-1",0
"GTACTCCTCATTGCCC-1",2.67382284830196
"GTACTCCTCCTTCAAT-1",14.6026319499969
"GTACTTTCAGTTAACC-1",0
"GTACTTTCATGTCGAT-1",1.14963232167946
"GTACTTTTCCGAAGAG-1",1.77977734016826
"GTAGGCCAGCAATCTC-1",20.4837427761322
"GTAGGCCCATTCGACA-1",1.56220326605152
"GTAGGCCGTAACGCGA-1",0
"GTAGGCCGTAAGGGCT-1",1.46275760086849
"GTAGGCCGTACGACCC-1",1.39864534214568
"GTAGGCCGTTCAGGCC-1",2.26173094927769
"GTAGGCCGTTGATTGC-1",1.43899788613906
"GTAGGCCTCAGCACAT-1",1.64762556764427
"GTAGTCAAGAATGTGT-1",0
"GTAGTCAAGATGCCTT-1",0
"GTAGTCAAGGACGAAA-1",0
"GTAGTCAAGTGAAGAG-1",13.0736254888927
"GTAGTCATCGTCACGG-1",1.67987888376149
"GTAGTCATCTGAAAGA-1",1.86724712895827
"GTATCTTAGAAACCAT-1",1.83115487012744
"GTATCTTAGGCTATCT-1",0
"GTATCTTAGTTGTCGT-1",1.69169931933607
"GTATCTTCACACCGCA-1",4.44894682281126
"GTATCTTCACGAAGCA-1",1.56369446183241
"GTATCTTGTTCGCTAA-1",0
"GTATCTTTCATGCTCC-1",0
"GTATCTTTCATGTAGC-1",0
"GTATTCTAGAAACCAT-1",0
"GTATTCTAGACAAAGG-1",1.72918676816664
"GTATTCTCAAAGTCAA-1",0
"GTATTCTCAACAACCT-1",2.71859188510252
"GTATTCTCAACTTGAC-1",1.43386668376264
"GTATTCTCAATAAGCA-1",0
"GTATTCTCAGGGTTAG-1",0
"GTATTCTCATACTACG-1",4.60385630822549
"GTATTCTCATGGTAGG-1",1.82110205144729
"GTATTCTGTAGTGAAT-1",0
"GTATTCTGTCTAGAGG-1",0
"GTCAAGTCATATGCTG-1",8.62566699242031
"GTCAAGTCATGGTTGT-1",0
"GTCAAGTGTCAGCTAT-1",0
"GTCAAGTGTTCCACTC-1",1.79134292404771
"GTCACAAAGCCGATTT-1",0
"GTCACAAAGTGGAGTC-1",3.14358397094908
"GTCACAACAGGTGGAT-1",0
"GTCACAAGTAAACGCG-1",20.8546920015227
"GTCACAATCAGGATCT-1",0
"GTCACAATCAGTTGAC-1",0
"GTCACAATCATGCATG-1",0
"GTCACGGAGATCACGG-1",0
"GTCACGGCATATACCG-1",1.35716679882967
"GTCACGGGTGAGTGAC-1",1.94163663827793
"GTCACGGGTGTGGCTC-1",0
"GTCACGGTCGAGAGCA-1",0
"GTCACGGTCTACCTGC-1",0
"GTCATTTAGAGACTAT-1",1.69169931933607
"GTCATTTCACGTGAGA-1",0
"GTCATTTGTAGAAGGA-1",0
"GTCATTTGTCAGATAA-1",0
"GTCATTTTCCAGAGGA-1",0
"GTCCTCAAGCCCAACC-1",0
"GTCCTCAAGTAGATGT-1",0
"GTCCTCAAGTGGGCTA-1",3.48336272316339
"GTCCTCACAATCACAC-1",1.89361497818834
"GTCCTCAGTGGAAAGA-1",0
"GTCCTCATCAAAGACA-1",0
"GTCCTCATCGTCCGTT-1",0
"GTCGGGTCACTGAAGG-1",0
"GTCGGGTCACTTCGAA-1",1.93704846870536
"GTCGGGTCATGAAGTA-1",0
"GTCGGGTGTCTCACCT-1",0
"GTCGGGTGTGTGACGA-1",0
"GTCGGGTGTGTGTGCC-1",0
"GTCGGGTGTTACGTCA-1",1.65648982452361
"GTCGGGTTCTGCTGTC-1",0
"GTCGGGTTCTGTGCAA-1",5.16072717970145
"GTCGTAAAGAGATGAG-1",1.44516265397505
"GTCGTAAAGCTGCAAG-1",0
"GTCGTAAAGGCGACAT-1",1.14963232167946
"GTCGTAACATCACGAT-1",5.16007883753919
"GTCGTAAGTATCACCA-1",1.59990646616855
"GTCGTAATCCAAGTAC-1",1.78182890102545
"GTCTCGTAGACCACGA-1",18.4480193961826
"GTCTCGTCAGGAACGT-1",0
"GTCTCGTGTGGTAACG-1",13.7517607673177
"GTCTCGTGTTTGGCGC-1",1.40953699762249
"GTCTCGTTCACCGGGT-1",1.86909947255371
"GTCTCGTTCAGTGCAT-1",0
"GTCTTCGAGACAAGCC-1",0
"GTCTTCGAGGAATGGA-1",0
"GTCTTCGAGTCAAGCG-1",0
"GTCTTCGCACATGGGA-1",1.70926277259295
"GTCTTCGCACCAGGTC-1",3.35514728859626
"GTCTTCGCAGACGCAA-1",0
"GTCTTCGCATAACCTG-1",1.79134292404771
"GTCTTCGCATCGATGT-1",1.49412245867914
"GTCTTCGGTCTAGTGT-1",1.89361497818834
"GTCTTCGTCTCGATGA-1",1.89361497818834
"GTGAAGGAGAGCTGGT-1",0
"GTGAAGGAGATCGGGT-1",0
"GTGAAGGAGCCAGTTT-1",1.40953699762249
"GTGAAGGAGTGTTGAA-1",0
"GTGAAGGCAAAGGCGT-1",0
"GTGAAGGCACTTAAGC-1",1.14963232167946
"GTGAAGGCAGATTGCT-1",0
"GTGAAGGGTATATGGA-1",1.56220326605152
"GTGAAGGGTCTCTCTG-1",0
"GTGAAGGTCTCCTATA-1",12.5824696512351
"GTGCAGCAGACATAAC-1",3.83521299994268
"GTGCAGCAGTGGTCCC-1",3.70644254907422
"GTGCAGCCACATCTTT-1",1.35716679882967
"GTGCAGCGTGAGTATA-1",0
"GTGCAGCTCTTAGAGC-1",0
"GTGCATAAGGCATGGT-1",1.40953699762249
"GTGCATAGTTTGTTGG-1",0
"GTGCATATCAGAGCTT-1",0
"GTGCATATCATCATTC-1",0
"GTGCATATCTGCGTAA-1",2.84767971557316
"GTGCGGTAGCAATCTC-1",0
"GTGCGGTAGGACAGAA-1",0
"GTGCGGTCAAAGGTGC-1",0
"GTGCGGTGTTCAGACT-1",1.72047038548075
"GTGCGGTGTTCTGTTT-1",1.7399468934154
"GTGCGGTTCATCTGCC-1",9.94684539311521
"GTGCGGTTCCAGGGCT-1",0
"GTGCGGTTCGGATGGA-1",1.95089811949327
"GTGCGGTTCTCGTTTA-1",0
"GTGCGGTTCTGCTGTC-1",1.34277466391253
"GTGCTTCAGCCAGTTT-1",4.44894682281126
"GTGCTTCAGGATTCGG-1",1.50547893870156
"GTGCTTCAGTACACCT-1",0
"GTGCTTCCACTTAACG-1",3.4530360385079
"GTGCTTCCAGCTATTG-1",5.62702085650046
"GTGCTTCGTAGAGTGC-1",0
"GTGCTTCTCACAATGC-1",1.60688281682492
"GTGCTTCTCACTTCAT-1",0
"GTGGGTCAGACCGGAT-1",0
"GTGGGTCAGACTGTAA-1",0
"GTGGGTCAGCCGTCGT-1",0
"GTGGGTCCACCAACCG-1",3.05557432745314
"GTGGGTCCACCACCAG-1",13.0736254888927
"GTGTGCGAGACCGGAT-1",0
"GTGTGCGAGACTTGAA-1",0
"GTGTGCGCAGGTCGTC-1",0
"GTGTGCGGTGAGCGAT-1",0
"GTGTGCGTCAGTCAGT-1",0
"GTGTGCGTCCCTTGTG-1",0
"GTGTGCGTCTAACTTC-1",0
"GTGTTAGAGGACAGAA-1",3.83521299994268
"GTGTTAGAGGCATGGT-1",1.49412245867914
"GTGTTAGAGTGGAGAA-1",9.94684539311521
"GTGTTAGAGTTTGCGT-1",1.69423300438744
"GTGTTAGCAATGGAAT-1",0
"GTGTTAGCACCACCAG-1",10.5399437089311
"GTGTTAGGTGCCTGGT-1",1.20099439557168
"GTGTTAGGTGGAAAGA-1",0
"GTGTTAGGTTCCATGA-1",0
"GTGTTAGGTTGGGACA-1",5.62702085650046
"GTTAAGCAGAGCTGCA-1",3.48336272316339
"GTTAAGCAGATAGCAT-1",0
"GTTAAGCAGCTAACAA-1",0
"GTTAAGCAGGCTACGA-1",2.132383105178
"GTTAAGCAGTGTACCT-1",1.7399468934154
"GTTAAGCAGTTTGCGT-1",0
"GTTAAGCCATTCACTT-1",0
"GTTAAGCGTACTCGCG-1",3.53349314884567
"GTTAAGCGTCTAGGTT-1",0
"GTTAAGCGTGGCAAAC-1",0
"GTTAAGCGTTGCTCCT-1",20.0922710541656
"GTTAAGCTCCTTTCGG-1",0
"GTTACAGAGAGCTATA-1",0
"GTTACAGAGTACGATA-1",0
"GTTACAGCAGACGCCT-1",1.56369446183241
"GTTACAGCATCGGTTA-1",2.71883501874335
"GTTACAGGTATGGTTC-1",0
"GTTACAGGTCGACTGC-1",5.99127795394638
"GTTACAGGTCTAGGTT-1",0
"GTTCATTAGCGATGAC-1",0
"GTTCATTCATATACGC-1",1.77977734016826
"GTTCATTCATTGGCGC-1",1.75838777152377
"GTTCATTGTGCACGAA-1",0
"GTTCATTGTGTTAAGA-1",2.01855170845776
"GTTCATTGTTCAGTAC-1",3.70644254907422
"GTTCGGGAGACGACGT-1",0
"GTTCGGGAGCTAAGAT-1",1.86863594734354
"GTTCGGGAGTGTCTCA-1",2.02025167330389
"GTTCGGGGTAGGGTAC-1",0
"GTTCGGGGTGCAGGTA-1",1.39864534214568
"GTTCGGGTCCACGCAG-1",0
"GTTCGGGTCTACTTAC-1",0
"GTTCTCGAGACCACGA-1",0
"GTTCTCGAGCGATGAC-1",1.63056832072081
"GTTCTCGAGGCCATAG-1",0
"GTTCTCGCATCGGACC-1",0
"GTTCTCGGTAAGGGAA-1",0
"GTTCTCGGTAGCGTAG-1",11.2699427978853
"GTTCTCGGTCCGTGAC-1",1.46275760086849
"GTTCTCGGTGTTAAGA-1",1.04724759607652
"GTTCTCGTCAACGCTA-1",3.14120511844231
"GTTCTCGTCCTGTACC-1",1.49412245867914
"GTTTCTACAAACCTAC-1",1.95297183875224
"GTTTCTACAAGAAAGG-1",1.40953699762249
"GTTTCTAGTGTTGGGA-1",0
"GTTTCTATCCCAACGG-1",18.6684450132659
"GTTTCTATCCGTAGTA-1",4.28582421083714
"GTTTCTATCGGCATCG-1",0
"TAAACCGGTACTTAGC-1",3.6518796265744
"TAAACCGTCACTCTTA-1",0
"TAAACCGTCAGGCGAA-1",0
"TAAACCGTCCGTTGTC-1",1.43386668376264
"TAAACCGTCTTCCTTC-1",13.0736254888927
"TAAGAGACAAGTTGTC-1",5.99127795394638
"TAAGAGAGTATATCCG-1",0
"TAAGAGATCAATCACG-1",0
"TAAGAGATCTAACGGT-1",0
"TAAGAGATCTTTCCTC-1",0
"TAAGCGTAGTGGACGT-1",1.49412245867914
"TAAGCGTAGTGTCTCA-1",1.93704846870536
"TAAGCGTCAGCTTCGG-1",0
"TAAGCGTCAGGTGGAT-1",1.65648982452361
"TAAGCGTGTCCTGCTT-1",16.5113184600348
"TAAGCGTGTGCCTGGT-1",0
"TAAGCGTGTTGTTTGG-1",0
"TAAGCGTTCCTCATTA-1",2.08409291695351
"TAAGCGTTCGGCGCAT-1",0
"TAAGCGTTCTCGCATC-1",3.89587145823543
"TAAGTGCAGGCTAGGT-1",1.75838777152377
"TAAGTGCAGTAGCGGT-1",2.02025167330389
"TAAGTGCCAACGCACC-1",0
"TAAGTGCCATACAGCT-1",1.89794210856257
"TAAGTGCGTAAACACA-1",2.67382284830196
"TAAGTGCGTCTCACCT-1",0
"TAAGTGCGTTCAGACT-1",1.60688281682492
"TAAGTGCTCACCCTCA-1",1.73839957358052
"TAAGTGCTCACTGGGC-1",1.89794210856257
"TAAGTGCTCTGGCGTG-1",1.79134292404771
"TACACGACACCCATTC-1",0
"TACACGAGTGATAAAC-1",2.01855170845776
"TACACGATCTGTCTCG-1",0
"TACAGTGAGATGCGAC-1",0
"TACAGTGAGCGTTGCC-1",18.3216501328439
"TACAGTGAGTGTACGG-1",2.14560021193091
"TACAGTGCAGGAATCG-1",0
"TACAGTGCAGGTGCCT-1",1.56369446183241
"TACAGTGGTACTCAAC-1",1.69786877827459
"TACAGTGGTTGGACCC-1",0
"TACCTATAGAGCTGGT-1",18.6684450132659
"TACCTATAGAGTTGGC-1",0
"TACCTATAGGCTCATT-1",1.78182890102545
"TACCTATAGTTAGCGG-1",0
"TACCTATCAAGCTGGA-1",1.71335126959398
"TACCTATGTAAATGAC-1",0
"TACCTATGTAGAGTGC-1",1.82023447116132
"TACCTATGTCACCTAA-1",0
"TACCTATGTGTTGAGG-1",0
"TACCTATGTTAAAGAC-1",0
"TACCTATTCTATGTGG-1",1.82458284121735
"TACCTATTCTTCCTTC-1",0
"TACCTTAAGAGGTTGC-1",0
"TACCTTAAGTCAAGCG-1",0
"TACCTTAAGTGGTCCC-1",1.71671439966477
"TACCTTACAACTGGCC-1",1.82110205144729
"TACCTTACAAGGGTCA-1",0
"TACCTTACACTCAGGC-1",0
"TACCTTACATCTACGA-1",1.67563051423948
"TACCTTAGTAGCGTCC-1",0
"TACCTTAGTCTCCACT-1",5.16007883753919
"TACGGATAGATGGCGT-1",0
"TACGGATAGGTACTCT-1",1.36082041988671
"TACGGATCAGGGATTG-1",0
"TACGGATCATCACCCT-1",3.70644254907422
"TACGGATGTCTAGCCG-1",0
"TACGGATTCGGTGTCG-1",0
"TACGGATTCTACTATC-1",0
"TACGGGCAGGATGCGT-1",0
"TACGGGCAGGGAACGG-1",20.8546920015227
"TACGGGCAGTATTGGA-1",2.02025167330389
"TACGGGCAGTCAAGCG-1",0
"TACGGGCCAAGAAGAG-1",22.7232258734062
"TACGGGCCACCAGATT-1",11.2699427978853
"TACGGGCCATCAGTAC-1",0
"TACGGGCGTAAGGGCT-1",1.65924073491792
"TACGGGCGTCTGATTG-1",0
"TACGGGCGTGATGTGG-1",1.95089811949327
"TACGGGCTCACCTTAT-1",1.2798371326043
"TACGGGCTCAGCTCTC-1",0
"TACGGGCTCCACGAAT-1",0
"TACGGGCTCCTATTCA-1",0
"TACGGGCTCGGTGTTA-1",1.71335126959398
"TACGGTAAGATATGGT-1",1.50547893870156
"TACGGTAAGCCGATTT-1",0
"TACGGTAAGTCATGCT-1",0
"TACGGTAAGTGCCATT-1",0
"TACGGTACACAGGCCT-1",2.14560021193091
"TACGGTACATTTCAGG-1",2.71859188510252
"TACGGTAGTATATCCG-1",0
"TACGGTAGTCACTTCC-1",1.43386668376264
"TACGGTAGTGCAGGTA-1",11.0587342945031
"TACGGTAGTGGGTATG-1",13.8881983063246
"TACGGTATCGCAGGCT-1",1.69169931933607
"TACGGTATCGGACAAG-1",0
"TACGGTATCGTTTATC-1",0
"TACTCATAGTCACGCC-1",0
"TACTCATCAATCTACG-1",1.70042526017336
"TACTCATCACGGTAGA-1",20.8546920015227
"TACTCATCACTTCTGC-1",1.65924073491792
"TACTCATCATCCGTGG-1",1.71335126959398
"TACTCATCATGTCGAT-1",0
"TACTCATGTACAGCAG-1",2.31656371763325
"TACTCATGTCTTCAAG-1",1.63056832072081
"TACTCATTCCTTTCTC-1",0
"TACTCGCAGGCGACAT-1",0
"TACTCGCGTCAGAAGC-1",3.48336272316339
"TACTCGCGTCTGATTG-1",5.86962567715413
"TACTCGCGTGTAACGG-1",0
"TACTCGCGTTGAGTTC-1",0
"TACTCGCTCAACGGGA-1",1.14963232167946
"TACTCGCTCCGAATGT-1",1.7675908410758
"TACTTACAGACTAGGC-1",1.89361497818834
"TACTTACAGCTGAACG-1",4.60385630822549
"TACTTACAGTACACCT-1",1.86909947255371
"TACTTACAGTACGCCC-1",1.34277466391253
"TACTTACAGTGATCGG-1",4.4651092763633
"TACTTACCAAGCCGTC-1",1.50547893870156
"TACTTACCACAGGTTT-1",0
"TACTTACTCGCGTTTC-1",0
"TACTTGTAGCGATATA-1",1.67987888376149
"TACTTGTAGTAATCCC-1",0
"TACTTGTCAAACAACA-1",3.70644254907422
"TACTTGTCATGCAACT-1",4.44894682281126
"TACTTGTGTAGCACGA-1",1.95297183875224
"TACTTGTGTATAAACG-1",13.7517607673177
"TACTTGTGTTCCACAA-1",0
"TACTTGTTCTGCAGTA-1",4.47054534997224
"TAGACCAAGAGACGAA-1",13.0736254888927
"TAGACCAAGCCTCGTG-1",1.95297183875224
"TAGACCAAGTCGATAA-1",0
"TAGACCACAACACCCG-1",0
"TAGACCAGTAGATTAG-1",0
"TAGACCAGTTCATGGT-1",1.82110205144729
"TAGACCATCACTTCAT-1",0
"TAGACCATCGTCACGG-1",1.34277466391253
"TAGACCATCTCCAGGG-1",3.36433996730904
"TAGAGCTAGAATTCCC-1",0
"TAGAGCTAGTATTGGA-1",1.82023447116132
"TAGAGCTCACTGAAGG-1",2.71859188510252
"TAGAGCTGTACTTGAC-1",0
"TAGAGCTGTCTAAAGA-1",2.08409291695351
"TAGCCGGAGACTGGGT-1",1.7900947443555
"TAGCCGGAGTCCCACG-1",0
"TAGCCGGAGTGACATA-1",0
"TAGCCGGCAGCAGTTT-1",4.4651092763633
"TAGCCGGGTACAGTGG-1",1.35716679882967
"TAGCCGGGTACCATCA-1",0
"TAGCCGGGTCGCGAAA-1",0
"TAGCCGGTCACGACTA-1",5.62702085650046
"TAGGCATAGAACTGTA-1",0
"TAGGCATAGCTAGGCA-1",1.95089811949327
"TAGGCATAGTCGTACT-1",4.10363110922015
"TAGGCATAGTTTAGGA-1",1.68701849187099
"TAGGCATCAAGCCTAT-1",1.94163663827793
"TAGGCATCAGACGCAA-1",0
"TAGGCATGTACGAAAT-1",1.68701849187099
"TAGGCATGTCCAGTTA-1",3.89587145823543
"TAGGCATGTTCCACTC-1",0
"TAGGCATTCCCTAACC-1",0
"TAGGCATTCGCTAGCG-1",1.36082041988671
"TAGGCATTCGTAGATC-1",1.56369446183241
"TAGGCATTCTTCATGT-1",3.8395787468405
"TAGTGGTAGATCACGG-1",0
"TAGTGGTAGCTGTTCA-1",1.36082041988671
"TAGTGGTCAGTATAAG-1",1.95089811949327
"TAGTGGTGTAGCGTAG-1",0
"TAGTGGTTCAGCATGT-1",0
"TAGTGGTTCGGCGCAT-1",0
"TAGTGGTTCTCAAGTG-1",0
"TAGTGGTTCTGGGCCA-1",1.04724759607652
"TAGTGGTTCTTTAGTC-1",0
"TAGTTGGAGATAGGAG-1",0
"TAGTTGGCAGACGCAA-1",1.56369446183241
"TAGTTGGCATGCGCAC-1",0
"TAGTTGGGTATGGTTC-1",4.36560245707915
"TAGTTGGTCCGAATGT-1",11.2699427978853
"TAGTTGGTCTACTCAT-1",13.8881983063246
"TAGTTGGTCTCTAAGG-1",0
"TAGTTGGTCTGATACG-1",2.31656371763325
"TATCAGGAGAGTAAGG-1",0
"TATCAGGAGATCCGAG-1",0
"TATCAGGAGCAGATCG-1",3.58301368978505
"TATCAGGAGGTGCTTT-1",2.132383105178
"TATCAGGCAACTTGAC-1",0
"TATCAGGCACGTTGGC-1",1.65924073491792
"TATCAGGGTCCGTTAA-1",1.46275760086849
"TATCAGGGTCTGCAAT-1",0
"TATCAGGGTTAAAGAC-1",1.34110442770281
"TATCAGGTCAAGATCC-1",0
"TATCAGGTCCACTCCA-1",2.71883501874335
"TATCAGGTCGTAGGTT-1",1.82458284121735
"TATCTCAAGAGTTGGC-1",2.31656371763325
"TATCTCAAGCCACCTG-1",0
"TATCTCAAGCGTAATA-1",2.02025167330389
"TATCTCAAGGCTAGCA-1",1.95401084829981
"TATCTCAAGTGGGCTA-1",1.39864534214568
"TATCTCACATGTCCTC-1",1.75561046564543
"TATCTCAGTAACGACG-1",3.06187236493098
"TATCTCAGTACCTACA-1",0
"TATCTCAGTACGACCC-1",5.86962567715413
"TATCTCAGTCAATGTC-1",1.65648982452361
"TATCTCATCAAGCCTA-1",2.71859188510252
"TATGCCCAGAAACCGC-1",1.50547893870156
"TATGCCCAGGTAGCTG-1",1.70042526017336
"TATGCCCCAATGGAAT-1",0
"TATGCCCCACTTAACG-1",13.7517607673177
"TATGCCCCATGTTCCC-1",0
"TATGCCCGTAGCCTCG-1",0
"TATGCCCGTATAGGGC-1",3.39000121052405
"TATGCCCGTATGAAAC-1",0
"TATGCCCGTCGCCATG-1",0
"TATGCCCGTGCCTTGG-1",0
"TATGCCCGTTAAGATG-1",3.35514728859626
"TATGCCCGTTGGTGGA-1",1.86724712895827
"TATGCCCGTTTAGGAA-1",0
"TATTACCAGAGAGCTC-1",1.7900947443555
"TATTACCAGCAAATCA-1",3.14358397094908
"TATTACCAGCCCGAAA-1",0
"TATTACCAGTATCTCG-1",2.01855170845776
"TATTACCCAAAGTGCG-1",0
"TATTACCCAGACAAGC-1",1.79593833030302
"TATTACCCAGTCAGCC-1",1.56220326605152
"TATTACCCATAAAGGT-1",16.5113184600348
"TATTACCCATCTACGA-1",0
"TATTACCGTCCAGTAT-1",1.67987888376149
"TCAACGAAGCCGATTT-1",1.73839957358052
"TCAACGAAGCGATGAC-1",12.3262542911592
"TCAACGAAGGCATGTG-1",0
"TCAACGAAGTAGTGCG-1",1.12572980897621
"TCAACGACACCAGGCT-1",2.08409291695351
"TCAACGACATGCCTTC-1",0
"TCAACGAGTTACCAGT-1",1.70593547338393
"TCAACGAGTTCCATGA-1",0
"TCAACGAGTTCTGGTA-1",0
"TCAACGATCAGTCCCT-1",0
"TCAACGATCTGTGCAA-1",0
"TCAATCTAGATCCCGC-1",0
"TCAATCTCACAAGCCC-1",2.132383105178
"TCAATCTCACAGCCCA-1",1.70042526017336
"TCAATCTCATGACGGA-1",0
"TCAATCTCATTTGCTT-1",3.83521299994268
"TCAATCTGTAGTGAAT-1",1.70593547338393
"TCAATCTGTTAGATGA-1",3.39000121052405
"TCAATCTTCAGATAAG-1",0
"TCAATCTTCATGTCCC-1",12.5824696512351
"TCACAAGAGACTGGGT-1",3.14358397094908
"TCACAAGAGAGAGCTC-1",1.71671439966477
"TCACAAGAGGCCCTCA-1",0
"TCACAAGAGGTGGGTT-1",0
"TCACAAGAGTAGATGT-1",1.59990646616855
"TCACAAGCAGTATGCT-1",3.14120511844231
"TCACAAGCATAACCTG-1",2.67382284830196
"TCACAAGCATGACATC-1",1.50547893870156
"TCACAAGGTCAGATAA-1",0
"TCACAAGGTGTGGTTT-1",2.2853391109481
"TCACAAGTCATCATTC-1",5.16072717970145
"TCACAAGTCATGCATG-1",3.70644254907422
"TCACGAAAGCTCCTTC-1",1.82458284121735
"TCACGAAAGGTGCTTT-1",0
"TCACGAAAGTCTCGGC-1",0
"TCACGAACACAAGACG-1",1.32934023152993
"TCACGAACACTGTCGG-1",0
"TCACGAAGTGGTCCGT-1",0
"TCACGAAGTTGGTGGA-1",0
"TCACGAATCATGCAAC-1",1.86863594734354
"TCACGAATCCCGACTT-1",0
"TCACGAATCCTCGCAT-1",0
"TCACGAATCGTCACGG-1",0
"TCAGATGAGGTGCACA-1",1.89794210856257
"TCAGATGGTCTTGTCC-1",2.6393904798448
"TCAGATGGTGCCTGCA-1",0
"TCAGATGGTGCTGTAT-1",13.7378584804244
"TCAGATGTCAGTTTGG-1",0
"TCAGATGTCGCATGAT-1",0
"TCAGATGTCTCCTATA-1",0
"TCAGCAAAGGAGTCTG-1",0
"TCAGCAAAGGCTCATT-1",2.26173094927769
"TCAGCAAAGTACGACG-1",4.44894682281126
"TCAGCAAAGTGGCACA-1",1.99148227932181
"TCAGCAACACGCATCG-1",0
"TCAGCAAGTACCGGCT-1",0
"TCAGCAATCAGCGATT-1",1.69786877827459
"TCAGCAATCGGAAACG-1",0
"TCAGCAATCTTCAACT-1",0
"TCAGCTCAGGTGTTAA-1",1.79134292404771
"TCAGCTCAGTATGACA-1",2.81224474026215
"TCAGCTCCAATCTGCA-1",0
"TCAGCTCCACGGTTTA-1",0
"TCAGCTCGTAATAGCA-1",0
"TCAGCTCGTCCGTCAG-1",4.60385630822549
"TCAGCTCGTTCACGGC-1",1.72273374137272
"TCAGCTCTCACGATGT-1",3.14358397094908
"TCAGCTCTCATGCATG-1",0
"TCAGCTCTCCTAAGTG-1",1.45289327865391
"TCAGCTCTCTCGTATT-1",20.8778865311741
"TCAGGATAGACAGAGA-1",1.79134292404771
"TCAGGATAGATATGGT-1",1.65924073491792
"TCAGGATCAAACGTGG-1",1.46275760086849
"TCAGGATCAAGTTCTG-1",1.63056832072081
"TCAGGATCACGGTGTC-1",1.40953699762249
"TCAGGATCACTGTGTA-1",1.34110442770281
"TCAGGATCAGCATACT-1",1.77977734016826
"TCAGGATCATCTGGTA-1",0
"TCAGGATGTAAGCACG-1",0
"TCAGGATGTGGCCCTA-1",1.67563051423948
"TCAGGATTCCGATATG-1",0
"TCAGGATTCTCGATGA-1",0
"TCAGGTAAGATGGCGT-1",0
"TCAGGTAAGTGTTTGC-1",0
"TCAGGTACACAAGTAA-1",2.71883501874335
"TCAGGTACACAGAGGT-1",1.34110442770281
"TCAGGTACAGCTGCTG-1",0
"TCAGGTAGTAAACGCG-1",0
"TCATTACAGAAACCAT-1",0
"TCATTACAGGAGTTGC-1",3.70644254907422
"TCATTACAGTTGCAGG-1",3.53349314884567
"TCATTACCACATCCAA-1",0
"TCATTACCAGTCAGCC-1",0
"TCATTACGTACGCACC-1",2.08409291695351
"TCATTACGTCTAGAGG-1",0
"TCATTACGTGAAGGCT-1",0
"TCATTACGTTCTGTTT-1",0
"TCATTACTCATCGATG-1",0
"TCATTTGAGCCAGTTT-1",1.67563051423948
"TCATTTGCACGTCTCT-1",17.5986966302884
"TCATTTGCAGTTAACC-1",3.35514728859626
"TCATTTGTCCAGAGGA-1",0
"TCATTTGTCCCTTGCA-1",1.56369446183241
"TCATTTGTCCGTCAAA-1",3.58301368978505
"TCATTTGTCGCTAGCG-1",0
"TCATTTGTCGTACGGC-1",1.40953699762249
"TCATTTGTCTCTGCTG-1",3.35514728859626
"TCCACACCAAAGAATC-1",0
"TCCACACCACGCCAGT-1",1.2798371326043
"TCCACACGTACAGCAG-1",1.36471370405063
"TCCACACGTAGCCTAT-1",4.36560245707915
"TCCACACGTCATCGGC-1",0
"TCCACACGTGACCAAG-1",1.67563051423948
"TCCACACGTGCGAAAC-1",0
"TCCACACTCAACACCA-1",0
"TCCACACTCCAGTATG-1",0
"TCCACACTCCCATTTA-1",1.93704846870536
"TCCACACTCGAACTGT-1",1.86909947255371
"TCCCGATAGAAGAAGC-1",0
"TCCCGATAGCACAGGT-1",0
"TCCCGATAGCCGGTAA-1",3.48336272316339
"TCCCGATCAAGGTTCT-1",3.6518796265744
"TCCCGATCAGCCAATT-1",0
"TCCCGATCATCCAACA-1",1.83115487012744
"TCCCGATGTAAGGATT-1",0
"TCCCGATGTCAATACC-1",0
"TCCCGATTCAGAAATG-1",18.3216501328439
"TCCCGATTCAGTCCCT-1",0
"TCCCGATTCATCTGTT-1",0
"TCCCGATTCCCTAATT-1",1.77977734016826
"TCCCGATTCTGGAGCC-1",0
"TCGAGGCAGCGATGAC-1",3.58301368978505
"TCGAGGCAGTGTTTGC-1",0
"TCGAGGCCAAAGAATC-1",2.71859188510252
"TCGAGGCCAAGTTCTG-1",0
"TCGAGGCCAGTAACGG-1",0
"TCGAGGCGTATATCCG-1",0
"TCGAGGCTCGCAAGCC-1",1.75561046564543
"TCGAGGCTCTTGAGAC-1",1.78182890102545
"TCGAGGCTCTTTCCTC-1",3.05557432745314
"TCGCGAGAGACAAAGG-1",0
"TCGCGAGAGTGAATTG-1",2.02025167330389
"TCGCGAGCAAGCGTAG-1",5.06219008762755
"TCGCGAGCACCGAATT-1",0
"TCGCGAGCAGTAAGAT-1",18.3216501328439
"TCGCGAGTCCACGAAT-1",1.77977734016826
"TCGCGAGTCTAGCACA-1",1.67987888376149
"TCGCGAGTCTCTAGGA-1",1.7399468934154
"TCGCGAGTCTTCATGT-1",1.72273374137272
"TCGCGTTAGTGGGCTA-1",3.05557432745314
"TCGCGTTCACAGGCCT-1",0
"TCGCGTTCATCACAAC-1",0
"TCGCGTTCATCTCGCT-1",2.01855170845776
"TCGCGTTGTTCACCTC-1",0
"TCGCGTTTCAAGATCC-1",0
"TCGCGTTTCAGGTAAA-1",0
"TCGCGTTTCATTCACT-1",1.81763797610274
"TCGCGTTTCCTGTACC-1",1.64189179728152
"TCGCGTTTCGCCCTTA-1",0
"TCGGGACCACACATGT-1",1.93704846870536
"TCGGGACTCCTTGCCA-1",1.86909947255371
"TCGGGACTCTGCGGCA-1",0
"TCGGGACTCTTGTCAT-1",3.36433996730904
"TCGGTAAAGACAGGCT-1",3.70644254907422
"TCGGTAAAGCTCAACT-1",1.56220326605152
"TCGGTAACAAGCTGAG-1",0
"TCGGTAACAGGAATGC-1",1.59990646616855
"TCGGTAAGTATATGGA-1",0
"TCGGTAAGTCTAGTCA-1",0
"TCGGTAATCCCGGATG-1",3.14358397094908
"TCGTACCAGCAGGCTA-1",0
"TCGTACCAGTTTCCTT-1",0
"TCGTACCGTTTGCATG-1",0
"TCGTACCTCGGGAGTA-1",0
"TCGTAGAAGCTAACTC-1",2.71883501874335
"TCGTAGAAGGCGACAT-1",1.50547893870156
"TCGTAGAAGGGAACGG-1",0
"TCGTAGAAGTCCATAC-1",3.58019330686278
"TCGTAGACAATCCAAC-1",22.7232258734062
"TCGTAGACACTCAGGC-1",1.60688281682492
"TCGTAGAGTATGAATG-1",0
"TCGTAGAGTGAGCGAT-1",0
"TCGTAGAGTGTGTGCC-1",2.81224474026215
"TCGTAGAGTTCAACCA-1",0
"TCGTAGAGTTCCATGA-1",0
"TCGTAGATCCAAGCCG-1",0
"TCGTAGATCTTAGCCC-1",1.49412245867914
"TCTATTGAGCGATTCT-1",1.86909947255371
"TCTATTGAGTGCCATT-1",0
"TCTATTGCACATCTTT-1",0
"TCTATTGGTAAGTGTA-1",1.72047038548075
"TCTATTGGTCCAACTA-1",3.05557432745314
"TCTATTGGTCTGCCAG-1",1.86909947255371
"TCTATTGGTTGCTCCT-1",0
"TCTATTGTCGGCGCTA-1",0
"TCTCATAAGCTAAACA-1",4.54382836620276
"TCTCATAAGCTAGTCT-1",0
"TCTCATAAGTGCCATT-1",0
"TCTCATAGTACCGGCT-1",0
"TCTCATAGTGTAAGTA-1",1.34110442770281
"TCTCATATCAAGCCTA-1",1.97189696193637
"TCTCATATCACCTTAT-1",1.87281826504998
"TCTCATATCCTGTACC-1",1.36060487500458
"TCTCTAAAGACCGGAT-1",0
"TCTCTAAAGGGTGTTG-1",0
"TCTCTAACAGCCTATA-1",1.82458284121735
"TCTCTAAGTCCAGTAT-1",1.46275760086849
"TCTCTAAGTCCATGAT-1",1.36060487500458
"TCTCTAAGTCTCATCC-1",10.6832488776603
"TCTCTAAGTGGAAAGA-1",0
"TCTCTAATCAAACCAC-1",0
"TCTCTAATCACAGGCC-1",3.53349314884567
"TCTCTAATCACATACG-1",0
"TCTCTAATCCGTAGGC-1",3.39000121052405
"TCTCTAATCGTATCAG-1",0
"TCTGAGACAAACCTAC-1",0
"TCTGAGACAGAGTGTG-1",1.82110205144729
"TCTGAGAGTAAGGGAA-1",3.70644254907422
"TCTGAGATCCTTGACC-1",1.7399468934154
"TCTGAGATCTATCCTA-1",0
"TCTGGAAAGCGATGAC-1",1.43801721308982
"TCTGGAAAGCTCTCGG-1",0
"TCTGGAAAGGAGCGAG-1",0
"TCTGGAACACAAGACG-1",1.39864534214568
"TCTGGAACACACTGCG-1",0
"TCTGGAACACTTCTGC-1",1.44516265397505
"TCTGGAAGTGAGTATA-1",0
"TCTTCGGAGGTTCCTA-1",0
"TCTTCGGAGTTCGATC-1",0
"TCTTCGGCAAAGCAAT-1",1.78182890102545
"TCTTCGGCAAAGGTGC-1",2.6393904798448
"TCTTCGGCAATAGCAA-1",1.36082041988671
"TCTTCGGCAATGTAAG-1",1.45289327865391
"TCTTCGGCACACCGAC-1",0
"TCTTCGGCAGCCAATT-1",1.44516265397505
"TCTTCGGGTCATTAGC-1",0
"TCTTCGGTCGTAGGTT-1",0
"TCTTCGGTCTCTAAGG-1",0
"TCTTTCCAGAGAGCTC-1",1.87281826504998
"TCTTTCCAGTCATCCA-1",3.35514728859626
"TCTTTCCCATCTCCCA-1",1.43899788613906
"TCTTTCCGTAATCACC-1",2.71859188510252
"TCTTTCCGTAGTACCT-1",1.69823341121723
"TCTTTCCTCACAACGT-1",0
"TCTTTCCTCAGCTGGC-1",0
"TCTTTCCTCCAAGTAC-1",0
"TCTTTCCTCCTCGCAT-1",0
"TGAAAGAAGCTAAGAT-1",1.34110442770281
"TGAAAGACAAGCCGTC-1",1.69823341121723
"TGAAAGACACATTCGA-1",0
"TGAAAGACATGAGCGA-1",0
"TGAAAGAGTCTAGCGC-1",3.14358397094908
"TGAAAGAGTCTCATCC-1",4.28582421083714
"TGAAAGATCCCGACTT-1",1.93704846870536
"TGAAAGATCTATGTGG-1",1.68701849187099
"TGACAACCAAGCGAGT-1",0
"TGACAACGTAGGGACT-1",2.70636172216123
"TGACAACGTGCGCTTG-1",0
"TGACAACGTGGTTTCA-1",2.01855170845776
"TGACAACTCACAAACC-1",1.79593833030302
"TGACAACTCCACGTGG-1",0
"TGACAACTCGAATGCT-1",1.60688281682492
"TGACGGCAGCGCCTCA-1",0
"TGACGGCAGGCTCAGA-1",1.69423300438744
"TGACGGCAGTCAAGCG-1",3.91858892235328
"TGACGGCCACAGACTT-1",0
"TGACGGCGTCATCCCT-1",1.78182890102545
"TGACGGCTCAGGCGAA-1",1.71335126959398
"TGACGGCTCCACTGGG-1",0
"TGACTAGAGACCCACC-1",4.60385630822549
"TGACTAGAGGGCATGT-1",1.64762556764427
"TGACTAGAGTCTCAAC-1",1.64762556764427
"TGACTAGAGTTGAGAT-1",20.657401784877
"TGACTAGCAGCATACT-1",0
"TGACTAGCAGTCAGAG-1",0
"TGACTAGCATTTCACT-1",0
"TGACTAGGTAAATACG-1",0
"TGACTAGGTGAAAGAG-1",1.67563051423948
"TGACTAGGTGCAGTAG-1",0
"TGACTAGTCATGCATG-1",1.56220326605152
"TGACTAGTCCATGCTC-1",0
"TGACTAGTCTGTTGAG-1",1.64189179728152
"TGACTTTAGAACAATC-1",0
"TGACTTTAGTCTCGGC-1",2.14560021193091
"TGACTTTAGTTAGGTA-1",11.9781931421155
"TGACTTTCAGTCCTTC-1",0
"TGACTTTCATTATCTC-1",1.69423300438744
"TGACTTTGTCACACGC-1",0
"TGACTTTTCCTCAATT-1",0
"TGACTTTTCTGCCCTA-1",1.82023447116132
"TGAGAGGAGGCTCATT-1",0
"TGAGAGGCAAAGTCAA-1",1.79134292404771
"TGAGAGGCAAGCCATT-1",0
"TGAGAGGCACCATGTA-1",12.5675433385846
"TGAGAGGGTCACTGGC-1",0
"TGAGAGGGTCTAAACC-1",0
"TGAGAGGTCGAACTGT-1",1.73839957358052
"TGAGAGGTCGCGTTTC-1",1.94163663827793
"TGAGAGGTCTGACCTC-1",2.71883501874335
"TGAGCATAGAAACGAG-1",1.60688281682492
"TGAGCATAGAAGCCCA-1",0
"TGAGCATAGATGTCGG-1",1.40953699762249
"TGAGCATAGGAATGGA-1",1.72047038548075
"TGAGCATCACCAGGCT-1",4.28582421083714
"TGAGCATCAGATGAGC-1",0
"TGAGCATCAGCGTAAG-1",1.79593833030302
"TGAGCATCAGCTGTAT-1",2.84767971557316
"TGAGCATGTGGCCCTA-1",1.77977734016826
"TGAGCATTCCACGTTC-1",1.56220326605152
"TGAGCATTCCGATATG-1",0
"TGAGCATTCGGCCGAT-1",0
"TGAGCCGCATCGGGTC-1",0
"TGAGCCGGTCGAACAG-1",0
"TGAGCCGGTGTAATGA-1",0
"TGAGCCGGTTGATTCG-1",0
"TGAGCCGTCATCTGCC-1",1.95089811949327
"TGAGCCGTCGTCACGG-1",3.89587145823543
"TGAGCCGTCTTGAGGT-1",1.35716679882967
"TGAGGGAAGAGACTAT-1",0
"TGAGGGAAGGAGTACC-1",1.45289327865391
"TGAGGGAAGTCATCCA-1",3.53349314884567
"TGAGGGAAGTCATGCT-1",0
"TGAGGGACACCAGTTA-1",4.44894682281126
"TGAGGGACATAAGACA-1",3.17600877103057
"TGAGGGAGTAAACGCG-1",0
"TGAGGGAGTTAGGGTG-1",0
"TGAGGGATCAACGGGA-1",0
"TGAGGGATCTAGCACA-1",20.657401784877
"TGAGGGATCTCTTATG-1",3.48336272316339
"TGATTTCCATCCGGGT-1",0
"TGATTTCGTAGGCATG-1",0
"TGATTTCGTTAAGACA-1",1.82110205144729
"TGATTTCTCTGATTCT-1",0
"TGCACCTAGACCTTTG-1",0
"TGCACCTAGGACGAAA-1",2.01855170845776
"TGCACCTCAAGTTGTC-1",0
"TGCACCTCAATAGAGT-1",0
"TGCACCTCATCCGGGT-1",1.81763797610274
"TGCACCTGTAATCACC-1",1.68701849187099
"TGCACCTGTCACACGC-1",0
"TGCACCTTCACGGTTA-1",1.75561046564543
"TGCACCTTCATCGGAT-1",4.60385630822549
"TGCACCTTCCGCGGTA-1",3.53349314884567
"TGCACCTTCGAACTGT-1",1.60688281682492
"TGCACCTTCTCTTGAT-1",0
"TGCCAAACAATGTAAG-1",0
"TGCCAAACAATTCCTT-1",1.50547893870156
"TGCCAAAGTTCGCGAC-1",0
"TGCCAAATCCAAACTG-1",0
"TGCCAAATCCCTGACT-1",0
"TGCCAAATCGGCGGTT-1",0
"TGCCCATAGACTAGGC-1",3.09021674882426
"TGCCCATAGCGTCAAG-1",11.7278673141423
"TGCCCATAGCGTGAAC-1",0
"TGCCCATAGCTGTTCA-1",0
"TGCCCATAGGATGGAA-1",1.86909947255371
"TGCCCATAGTACGCCC-1",0
"TGCCCATAGTTGAGTA-1",5.62702085650046
"TGCCCATCACCAGGTC-1",13.2730328550686
"TGCCCATCACGAAATA-1",0
"TGCCCATCAGGACGTA-1",0
"TGCCCATCATGGAATA-1",0
"TGCCCATCATGGATGG-1",0
"TGCCCATGTAGCCTCG-1",9.94684539311521
"TGCCCATTCAAACCGT-1",0
"TGCCCATTCAGGCCCA-1",0
"TGCCCATTCCTTCAAT-1",6.86769826168054
"TGCCCATTCGGAAATA-1",1.7675908410758
"TGCCCTAAGGTCGGAT-1",2.01855170845776
"TGCCCTAAGGTTCCTA-1",0
"TGCCCTACACCACCAG-1",1.44516265397505
"TGCCCTACAGCCACCA-1",0
"TGCCCTACAGTGAGTG-1",0
"TGCCCTAGTCCGAGTC-1",1.56220326605152
"TGCCCTAGTGGTTTCA-1",1.82023447116132
"TGCCCTAGTTTCGCTC-1",0
"TGCCCTATCGACGGAA-1",1.35716679882967
"TGCCCTATCTTCGGTC-1",0
"TGCGCAGAGACTAGGC-1",0
"TGCGCAGAGCACACAG-1",1.48825403874962
"TGCGCAGAGCGTCTAT-1",3.70644254907422
"TGCGCAGAGGAGCGAG-1",2.71859188510252
"TGCGCAGCAAACGTGG-1",1.34110442770281
"TGCGCAGCAGCTCGCA-1",0
"TGCGCAGCAGTAGAGC-1",0
"TGCGCAGTCCTACAGA-1",0
"TGCGGGTAGAGACTTA-1",0
"TGCGGGTAGATCGATA-1",0
"TGCGGGTAGCTCTCGG-1",1.86909947255371
"TGCGGGTAGGTGTGGT-1",0
"TGCGGGTAGTACTTGC-1",20.0922710541656
"TGCGGGTCAATGGAAT-1",0
"TGCGGGTCACACGCTG-1",3.39000121052405
"TGCGGGTCATTGGGCC-1",0
"TGCGGGTGTAGAAAGG-1",1.56220326605152
"TGCGGGTGTCACCTAA-1",1.95089811949327
"TGCGGGTGTCAGATAA-1",1.89794210856257
"TGCGGGTGTTAGAACA-1",0
"TGCGGGTTCAGTTCGA-1",2.02025167330389
"TGCGGGTTCGTAGATC-1",0
"TGCGGGTTCTCTTGAT-1",9.94684539311521
"TGCGTGGAGACGCAAC-1",5.16072717970145
"TGCGTGGAGACTGGGT-1",0
"TGCGTGGCAATTCCTT-1",0
"TGCGTGGGTGCACCAC-1",0
"TGCGTGGTCCGCGCAA-1",2.08409291695351
"TGCGTGGTCGCCCTTA-1",1.43386668376264
"TGCGTGGTCTGGCGAC-1",0
"TGCTACCAGAAAGTGG-1",1.65648982452361
"TGCTACCAGATGGCGT-1",1.77977734016826
"TGCTACCAGCAAATCA-1",0
"TGCTACCAGTCCGTAT-1",0
"TGCTACCCAAGAGGCT-1",0
"TGCTACCCACTTAACG-1",8.62566699242031
"TGCTACCCATCGTCGG-1",0
"TGCTACCCATGGTTGT-1",2.132383105178
"TGCTACCGTGTGACGA-1",0
"TGCTACCTCCTCGCAT-1",3.14358397094908
"TGCTACCTCTTCTGGC-1",1.71335126959398
"TGCTGCTAGACTAAGT-1",1.89361497818834
"TGCTGCTAGGTGATAT-1",0
"TGCTGCTCAATAGAGT-1",0
"TGCTGCTCACAGACAG-1",1.46275760086849
"TGCTGCTCATCCCATC-1",3.53349314884567
"TGCTGCTCATGGTTGT-1",0
"TGCTGCTGTCATACTG-1",5.16072717970145
"TGCTGCTGTGAAGGCT-1",0
"TGCTGCTTCATTGCGA-1",1.78182890102545
"TGGACGCAGAGGTACC-1",13.2730328550686
"TGGACGCAGTCAAGGC-1",0
"TGGACGCCACAGAGGT-1",1.69423300438744
"TGGACGCCATGGTAGG-1",0
"TGGACGCGTCCGAACC-1",1.34277466391253
"TGGACGCGTCTCCCTA-1",2.14560021193091
"TGGCCAGAGAAGGTGA-1",0
"TGGCCAGAGAGTACAT-1",4.44894682281126
"TGGCCAGAGGCGATAC-1",0
"TGGCCAGAGGCGTACA-1",1.86724712895827
"TGGCCAGCAACTGCGC-1",0
"TGGCCAGCACGACTCG-1",5.16007883753919
"TGGCCAGGTCAATACC-1",0
"TGGCCAGTCGTAGATC-1",0
"TGGCCAGTCTATCCCG-1",5.99127795394638
"TGGCGCAAGCTACCTA-1",1.82458284121735
"TGGCGCAAGCTATGCT-1",0
"TGGCGCAAGTGTGGCA-1",0
"TGGCGCAAGTTACCCA-1",0
"TGGCGCACACAGGCCT-1",1.77977734016826
"TGGCGCACACGGATAG-1",3.83521299994268
"TGGCGCACAGCGATCC-1",9.99440662033909
"TGGCGCACATAGGATA-1",0
"TGGCGCAGTACTCTCC-1",1.50547893870156
"TGGCGCAGTGGACGAT-1",0
"TGGCGCAGTTATGTGC-1",1.43899788613906
"TGGCGCATCAAGAAGT-1",0
"TGGCGCATCATGCTCC-1",18.6684450132659
"TGGCGCATCATGTGGT-1",0
"TGGCGCATCATTATCC-1",0
"TGGCGCATCGTGGTCG-1",1.86909947255371
"TGGCTGGAGCGGATCA-1",1.59990646616855
"TGGCTGGAGTGCAAGC-1",4.56192613560732
"TGGCTGGCAAGTTAAG-1",9.42277900721993
"TGGCTGGCACGGATAG-1",1.93704846870536
"TGGCTGGCAGGAACGT-1",0
"TGGCTGGGTCGAGTTT-1",0
"TGGCTGGGTCGGCATC-1",0
"TGGCTGGGTCTAGCCG-1",0
"TGGCTGGGTTACGCGC-1",1.60688281682492
"TGGCTGGGTTGGACCC-1",0
"TGGCTGGTCTCGTTTA-1",1.94163663827793
"TGGGAAGAGATATACG-1",11.9781931421155
"TGGGAAGAGCCCAATT-1",0
"TGGGAAGAGCGCTCCA-1",1.86724712895827
"TGGGAAGAGGGCTTCC-1",3.8395787468405
"TGGGAAGAGTAAGTAC-1",0
"TGGGAAGAGTTAACGA-1",0
"TGGGAAGCAAGGTGTG-1",6.73784656902999
"TGGGAAGCAGATCCAT-1",3.09021674882426
"TGGGAAGCAGCGAACA-1",0
"TGGGAAGGTAAGTTCC-1",0
"TGGGAAGGTTAGATGA-1",2.14560021193091
"TGGGAAGGTTATTCTC-1",1.50547893870156
"TGGGAAGTCCCAAGAT-1",1.7399468934154
"TGGGAAGTCCTTCAAT-1",1.79593833030302
"TGGGAAGTCGTGGACC-1",2.08409291695351
"TGGGAAGTCTCCTATA-1",0
"TGGGCGTAGTCTCCTC-1",1.82023447116132
"TGGGCGTCAGACGTAG-1",0
"TGGGCGTCAGGGATTG-1",0
"TGGGCGTGTCCAAGTT-1",0
"TGGGCGTGTCTAGAGG-1",1.64762556764427
"TGGGCGTGTGGCTCCA-1",0
"TGGGCGTGTTTCGCTC-1",2.01855170845776
"TGGGCGTTCAGCTTAG-1",1.82023447116132
"TGGTTAGAGCTACCTA-1",1.69423300438744
"TGGTTAGAGTTAGGTA-1",3.89587145823543
"TGGTTAGGTGATGATA-1",18.4480193961826
"TGGTTAGGTTCACGGC-1",0
"TGGTTAGTCCCGACTT-1",0
"TGGTTAGTCTTGTATC-1",1.75561046564543
"TGGTTCCAGCCGTCGT-1",1.69423300438744
"TGGTTCCAGTAATCCC-1",1.8737509171921
"TGGTTCCCAAGTTGTC-1",1.32934023152993
"TGGTTCCCAGACAAAT-1",1.75561046564543
"TGGTTCCCAGACAGGT-1",0
"TGGTTCCCAGCTCGAC-1",1.69423300438744
"TGGTTCCCATGTCCTC-1",4.56192613560732
"TGGTTCCCATTTCACT-1",3.36433996730904
"TGGTTCCGTCCAAGTT-1",1.56369446183241
"TGGTTCCTCACATACG-1",0
"TGGTTCCTCAGCTTAG-1",0
"TGGTTCCTCTAACTTC-1",0
"TGGTTCCTCTAGAGTC-1",2.08409291695351
"TGGTTCCTCTGGGCCA-1",0
"TGTATTCAGCCCGAAA-1",0
"TGTATTCAGCGATCCC-1",0
"TGTATTCCAGGGCATA-1",0
"TGTATTCGTAAGAGAG-1",1.82458284121735
"TGTATTCGTTTGTTTC-1",1.86909947255371
"TGTATTCTCAGCATGT-1",0
"TGTATTCTCATCTGTT-1",1.64762556764427
"TGTCCCAAGCAGATCG-1",0
"TGTCCCAAGCTAGTTC-1",0
"TGTCCCAAGCTGAACG-1",0
"TGTCCCAAGTTGTCGT-1",1.65648982452361
"TGTCCCACAGTAAGCG-1",1.60688281682492
"TGTCCCACATCACGTA-1",1.64189179728152
"TGTCCCAGTAAGAGGA-1",2.8709542970301
"TGTCCCAGTAAGTGGC-1",1.95089811949327
"TGTCCCAGTCGGATCC-1",0
"TGTCCCATCATTTGGG-1",0
"TGTCCCATCTGCAAGT-1",1.56369446183241
"TGTCCCATCTGCGTAA-1",0
"TGTGGTAGTCCCGACA-1",0
"TGTGGTAGTGTGAAAT-1",0
"TGTGGTAGTGTGACGA-1",0
"TGTGGTATCCAGGGCT-1",0
"TGTGGTATCTTGCATT-1",0
"TGTGTTTAGAGGTTAT-1",0
"TGTGTTTAGCGTGAGT-1",0
"TGTGTTTAGTGCGTGA-1",2.6393904798448
"TGTGTTTCATGCGCAC-1",5.76937479269653
"TGTGTTTTCTCATTCA-1",1.91550807631439
"TGTGTTTTCTTTCCTC-1",0
"TGTTCCGAGAGCAATT-1",22.3146081347213
"TGTTCCGAGCAACGGT-1",0
"TGTTCCGAGGAATTAC-1",0
"TGTTCCGAGGACTGGT-1",0
"TGTTCCGCAGTGAGTG-1",0
"TGTTCCGGTGAGTATA-1",3.83521299994268
"TGTTCCGTCAAGCCTA-1",1.44516265397505
"TGTTCCGTCAGTTCGA-1",1.35716679882967
"TGTTCCGTCGGCGGTT-1",0
"TGTTCCGTCTGAAAGA-1",1.73839957358052
"TGTTCCGTCTGGTATG-1",0
"TTAACTCAGTGTACGG-1",0
"TTAACTCCAAGCGCTC-1",0
"TTAACTCCAGGCAGTA-1",1.75838777152377
"TTAACTCGTTCCACAA-1",0
"TTAACTCTCATAAAGG-1",3.36433996730904
"TTAACTCTCCCTCAGT-1",2.01855170845776
"TTAGGACAGCAGGCTA-1",0
"TTAGGACAGCTCTCGG-1",1.36471370405063
"TTAGGACCAAGCCATT-1",0
"TTAGGACCAGTCAGAG-1",1.82110205144729
"TTAGGACGTTTGTTTC-1",1.43386668376264
"TTAGGCAAGAAGATTC-1",0
"TTAGGCAAGAGCCCAA-1",1.65648982452361
"TTAGGCAAGAGTGACC-1",1.79593833030302
"TTAGGCAAGGTTCCTA-1",0
"TTAGGCAAGTCGTTTG-1",0
"TTAGGCAAGTGTACCT-1",0
"TTAGGCACAGACGCTC-1",20.657401784877
"TTAGGCACATGTTCCC-1",13.2730328550686
"TTAGGCAGTAAGGATT-1",1.86724712895827
"TTAGGCAGTAAGTAGT-1",0
"TTAGGCAGTCTTGATG-1",1.93704846870536
"TTAGGCATCACGCATA-1",4.50902080214955
"TTAGGCATCAGTCAGT-1",0
"TTAGGCATCCAGTATG-1",22.7232258734062
"TTAGGCATCGTTACGA-1",0
"TTAGTTCAGGTGCAAC-1",1.48825403874962
"TTAGTTCCAATGTAAG-1",0
"TTAGTTCCATCCTTGC-1",1.36082041988671
"TTAGTTCGTAGCCTAT-1",0
"TTAGTTCGTGCAGACA-1",0
"TTAGTTCGTGTCAATC-1",1.2798371326043
"TTAGTTCGTTGCCTCT-1",3.17903321368423
"TTAGTTCTCAGGCCCA-1",1.67563051423948
"TTAGTTCTCGCAGGCT-1",4.28582421083714
"TTAGTTCTCTACTATC-1",13.7378584804244
"TTATGCTAGAATGTGT-1",7.13448554955361
"TTATGCTAGCACACAG-1",1.56220326605152
"TTATGCTAGCAGCCTC-1",0
"TTATGCTAGTCCCACG-1",0
"TTATGCTCAGCCAGAA-1",3.36433996730904
"TTATGCTCATACCATG-1",0
"TTATGCTCATGTAGTC-1",1.72047038548075
"TTATGCTGTCCGAGTC-1",1.7675908410758
"TTATGCTTCGATAGAA-1",0
"TTCCCAGAGAATTCCC-1",1.79593833030302
"TTCCCAGAGACTAGAT-1",0
"TTCCCAGAGTATCGAA-1",1.82023447116132
"TTCCCAGCAGATGGGT-1",5.16007883753919
"TTCCCAGCATCAGTAC-1",0
"TTCCCAGCATCTCCCA-1",0
"TTCCCAGCATTACCTT-1",3.14358397094908
"TTCCCAGTCAACACTG-1",1.89361497818834
"TTCCCAGTCGAGAGCA-1",0
"TTCGAAGAGTCTCAAC-1",0
"TTCGAAGCAAGCGCTC-1",0
"TTCGAAGCACATTAGC-1",1.79134292404771
"TTCGAAGCACGGTGTC-1",20.0922710541656
"TTCGGTCAGAGGACGG-1",1.78182890102545
"TTCGGTCAGCACACAG-1",4.36560245707915
"TTCGGTCAGGCCCTCA-1",0
"TTCGGTCAGTGAATTG-1",1.79134292404771
"TTCGGTCAGTTGAGAT-1",0
"TTCGGTCCAAGGGTCA-1",20.8546920015227
"TTCGGTCCACGTCAGC-1",1.45289327865391
"TTCGGTCGTAACGTTC-1",1.49412245867914
"TTCGGTCGTAGAGTGC-1",0
"TTCGGTCGTTCATGGT-1",0
"TTCGGTCGTTCTGTTT-1",1.82110205144729
"TTCGGTCTCAAAGACA-1",2.67382284830196
"TTCGGTCTCCAGTATG-1",0
"TTCGGTCTCGCGTTTC-1",0
"TTCGGTCTCGTCTGAA-1",0
"TTCTACAAGACTAAGT-1",1.04724759607652
"TTCTACAAGCAGCCTC-1",1.95089811949327
"TTCTACAAGCCTTGAT-1",0
"TTCTACAAGGCAGGTT-1",0
"TTCTACAAGGTAAACT-1",3.53349314884567
"TTCTACAAGTTAGGTA-1",1.44516265397505
"TTCTACACACGTGAGA-1",5.99127795394638
"TTCTACACAGCTGTTA-1",3.48336272316339
"TTCTACACATCGATTG-1",1.72047038548075
"TTCTACACATTACGAC-1",0
"TTCTACAGTACCGTTA-1",3.09021674882426
"TTCTACAGTATATGAG-1",0
"TTCTACAGTGGCTCCA-1",1.75838777152377
"TTCTACATCAACGGGA-1",1.70042526017336
"TTCTACATCCGCGTTT-1",0
"TTCTCAAAGAAAGTGG-1",2.81224474026215
"TTCTCAAAGAATCTCC-1",0
"TTCTCAAAGAGGTTAT-1",0
"TTCTCAAAGCAGCCTC-1",0
"TTCTCAAAGCCGCCTA-1",0
"TTCTCAAAGTCAATAG-1",0
"TTCTCAAAGTTGAGAT-1",0.944234683245289
"TTCTCAACACCCAGTG-1",0
"TTCTCAACATTGTGCA-1",0
"TTCTCAAGTATAAACG-1",0
"TTCTCAAGTCCCTTGT-1",0
"TTCTCAAGTCGAGATG-1",0
"TTCTCAATCATCGCTC-1",0
"TTCTCAATCCCTAACC-1",1.44516265397505
"TTCTCAATCGTAGGAG-1",5.76937479269653
"TTCTCCTAGAGTAAGG-1",3.83521299994268
"TTCTCCTAGCGACGTA-1",1.40953699762249
"TTCTCCTAGCGTGAGT-1",1.44516265397505
"TTCTCCTAGTCTCGGC-1",0
"TTCTCCTCAACACGCC-1",0
"TTCTCCTCAATAACGA-1",2.57089246295127
"TTCTCCTGTTAAGAAC-1",0
"TTCTCCTTCAGTTCGA-1",3.39000121052405
"TTCTCCTTCCGTAGGC-1",0
"TTCTCCTTCCTTTCTC-1",1.35716679882967
"TTCTCCTTCTGCAAGT-1",1.72047038548075
"TTCTCCTTCTTCAACT-1",0
"TTCTCCTTCTTGTACT-1",0
"TTCTTAGAGGACTGGT-1",1.97189696193637
"TTCTTAGCAAGGTGTG-1",0
"TTCTTAGCATCGGAAG-1",1.71671439966477
"TTCTTAGGTAGAAGGA-1",0
"TTCTTAGGTCATATGC-1",0
"TTCTTAGTCAGTTCGA-1",3.05579765251379
"TTGAACGGTCACTTCC-1",1.73839957358052
"TTGAACGTCATGTCCC-1",0
"TTGACTTAGCCACGTC-1",1.82110205144729
"TTGACTTAGCGACGTA-1",2.26173094927769
"TTGACTTAGTTAACGA-1",0
"TTGACTTCACTTACGA-1",1.56220326605152
"TTGACTTGTCTCTCTG-1",2.14560021193091
"TTGACTTGTGCGATAG-1",1.82023447116132
"TTGACTTTCCAGAGGA-1",1.46275760086849
"TTGACTTTCTGTCCGT-1",1.71335126959398
"TTGCCGTAGGAGCGTT-1",3.6518796265744
"TTGCCGTAGGTGGGTT-1",0
"TTGCCGTCATGGTCAT-1",0
"TTGCGTCAGACAGAGA-1",1.70593547338393
"TTGCGTCAGCTCCTTC-1",0
"TTGCGTCAGTCCATAC-1",1.56220326605152
"TTGCGTCAGTGAATTG-1",1.78182890102545
"TTGCGTCCAAATTGCC-1",1.82110205144729
"TTGCGTCCACTGTGTA-1",1.93704846870536
"TTGCGTCCAGTCACTA-1",3.14358397094908
"TTGCGTCGTCTGATTG-1",1.67563051423948
"TTGGAACAGCCCAATT-1",20.8546920015227
"TTGGAACAGCGTCTAT-1",0
"TTGGAACAGGCGTACA-1",0
"TTGGAACGTATTACCG-1",0
"TTGGAACTCCCATTAT-1",11.9910080223594
"TTGGAACTCCGTAGTA-1",0
"TTGGAACTCGTCCAGG-1",1.97189696193637
"TTGGCAAAGTTAGGTA-1",2.81224474026215
"TTGGCAAGTATAGGTA-1",0
"TTGGCAATCACATGCA-1",1.45289327865391
"TTGGCAATCAGAGCTT-1",0
"TTGGCAATCGCATGAT-1",4.54382836620276
"TTGGCAATCTAGAGTC-1",5.16007883753919
"TTGTAGGAGGTGCTAG-1",0
"TTGTAGGCACACGCTG-1",1.79593833030302
"TTGTAGGGTCTCCCTA-1",1.82023447116132
"TTGTAGGGTGGTAACG-1",3.39000121052405
"TTGTAGGTCGGCGCTA-1",1.79593833030302
"TTGTAGGTCTGCCAGG-1",0
"TTTACTGAGATCACGG-1",0
"TTTACTGCAAAGCAAT-1",0
"TTTACTGCACATGGGA-1",0
"TTTACTGCACCACGTG-1",13.2730328550686
"TTTACTGCATGGGACA-1",1.86724712895827
"TTTACTGCATGTCCTC-1",0
"TTTACTGGTAACGTTC-1",0
"TTTACTGGTGGTGTAG-1",1.89361497818834
"TTTACTGGTTCGCTAA-1",3.6518796265744
"TTTACTGTCTGGAGCC-1",0
"TTTATGCAGACTGTAA-1",13.707323407771
"TTTATGCAGATGCGAC-1",3.89587145823543
"TTTATGCAGGCAAAGA-1",2.84767971557316
"TTTATGCAGGCCCGTT-1",0
"TTTATGCAGTTCCACA-1",0
"TTTATGCCAAACGCGA-1",0
"TTTATGCCAATCTGCA-1",0
"TTTATGCCACAGGTTT-1",0
"TTTATGCCAGCCAATT-1",0
"TTTATGCCAGGTCGTC-1",0
"TTTATGCCATGGTCAT-1",1.75838777152377
"TTTATGCTCACATAGC-1",1.89794210856257
"TTTATGCTCACCTTAT-1",4.10363110922015
"TTTATGCTCGGCGGTT-1",3.4530360385079
"TTTATGCTCTCGCTTG-1",1.46275760086849
"TTTCCTCAGCGTGAAC-1",0
"TTTCCTCAGGACTGGT-1",0
"TTTCCTCCAAAGTGCG-1",5.76937479269653
"TTTCCTCCAGGAATGC-1",0
"TTTCCTCCATTAGCCA-1",0
"TTTCCTCGTCCGAAGA-1",1.67987888376149
"TTTCCTCGTCGCTTTC-1",1.49412245867914
"TTTCCTCTCGGCCGAT-1",0
"TTTCCTCTCGTGTAGT-1",0
"TTTGCGCAGCTAAACA-1",0
"TTTGCGCAGCTAGTCT-1",0
"TTTGCGCAGGCCGAAT-1",0
"TTTGCGCAGTCAAGGC-1",0
"TTTGCGCCAAGTAGTA-1",0
"TTTGCGCCAGGTGCCT-1",1.35716679882967
"TTTGCGCGTCTAAACC-1",0
"TTTGCGCTCAAAGTAG-1",1.64762556764427
"TTTGCGCTCATGTAGC-1",1.67987888376149
"TTTGGTTAGAATGTGT-1",0
"TTTGGTTAGACAATAC-1",20.8546920015227
"TTTGGTTAGCGATTCT-1",1.43899788613906
"TTTGGTTAGGCTCAGA-1",18.7194329549573
"TTTGGTTAGTTACCCA-1",3.53349314884567
"TTTGGTTCAAACTGCT-1",4.28582421083714
"TTTGGTTCAAGCTGTT-1",0
"TTTGGTTCAGATCGGA-1",3.53349314884567
"TTTGGTTCATCACAAC-1",3.05557432745314
"TTTGGTTGTACTTCTT-1",4.28582421083714
"TTTGGTTGTATGCTTG-1",1.59990646616855
"TTTGGTTGTGCTTCTC-1",18.5893772980481
"TTTGGTTTCATGCTCC-1",2.57089246295127
"TTTGGTTTCCCTGACT-1",1.77977734016826
"TTTGTCAAGAGTCGGT-1",0
"TTTGTCACAAGTTCTG-1",1.70926277259295
"TTTGTCACAAGTTGTC-1",0
"TTTGTCATCACCTTAT-1",5.62702085650046
"TTTGTCATCCATTCTA-1",0
"TTTGTCATCCTTAATC-1",10.1202859347361
"TTTGTCATCTTATCTG-1",0
