"cell_barcode","expression"
"AAACCTGAGACAGAGA-1",2.78031570370713
"AAACCTGAGACTTTCG-1",1.69568501583596
"AAACCTGAGAGTAAGG-1",0
"AAACCTGAGAGTCGGT-1",0
"AAACCTGAGGATGGAA-1",0
"AAACCTGAGTAGATGT-1",1.42709102283036
"AAACCTGCAATCAGAA-1",3.93046053621983
"AAACCTGCACCGATAT-1",0
"AAACCTGCAGACGTAG-1",0
"AAACCTGCAGTATCTG-1",0
"AAACCTGCATAGTAAG-1",0
"AAACCTGCATGAACCT-1",1.84001142025209
"AAACCTGGTAAGAGGA-1",0
"AAACCTGGTCCAACTA-1",0
"AAACCTGTCCGTAGTA-1",0
"AAACCTGTCGAGAGCA-1",0
"AAACGGGAGTACGACG-1",2.60966224193145
"AAACGGGCAAGGTTTC-1",4.93310725381516
"AAACGGGCACGTCAGC-1",0
"AAACGGGCAGCGTTCG-1",0
"AAACGGGGTAGCCTCG-1",1.15214382108101
"AAACGGGGTCTACCTC-1",2.84700354163464
"AAACGGGGTGCGGTAA-1",1.20229542065056
"AAACGGGGTTGTCGCG-1",0
"AAACGGGTCCATGAGT-1",0
"AAACGGGTCCCAACGG-1",1.20474335530799
"AAACGGGTCCCATTAT-1",0
"AAAGATGCAGTCAGCC-1",0
"AAAGATGCATCTACGA-1",0
"AAAGCAAAGCGTCTAT-1",2.78628821373635
"AAAGCAACATGTCGAT-1",3.81540340720385
"AAAGCAAGTAGCTGCC-1",1.84403241487607
"AAAGCAAGTAGGCATG-1",0
"AAAGCAAGTGCGCTTG-1",1.64390993462428
"AAAGCAAGTTATTCTC-1",0
"AAAGCAATCCGTAGTA-1",0
"AAAGTAGAGATGTGTA-1",0
"AAAGTAGAGTGGGCTA-1",3.11573053531331
"AAAGTAGGTATATGGA-1",1.70852199121254
"AAAGTAGGTGAGCGAT-1",6.8989974523604
"AAAGTAGGTTGAGGTG-1",1.77365793827803
"AAATGCCAGCCCTAAT-1",1.24162561788252
"AAATGCCAGCGTGTCC-1",1.78141811543332
"AAATGCCCAACACCTA-1",1.52458668064213
"AAATGCCGTAGGAGTC-1",1.40673748343183
"AAATGCCGTCTTTCAT-1",0
"AAATGCCGTGGTCCGT-1",1.81033167280907
"AAATGCCGTTCCCGAG-1",1.90423745265475
"AAATGCCTCATAGCAC-1",3.76207093446707
"AAATGCCTCGCTTAGA-1",0
"AACACGTAGAATTCCC-1",2.82015194672496
"AACACGTAGCCCTAAT-1",1.79635756285368
"AACACGTAGGGTGTGT-1",1.89601581014423
"AACACGTCACTGTCGG-1",1.83512693114287
"AACACGTCATCCCATC-1",1.66651521998421
"AACACGTGTGCAACGA-1",1.56369446183241
"AACACGTGTGTCGCTG-1",4.81070191534165
"AACCATGAGCGCTTAT-1",0
"AACCATGGTCCGTTAA-1",1.84403241487607
"AACCATGTCAGTTCGA-1",3.76207093446707
"AACCATGTCATCGATG-1",0
"AACCATGTCCCAAGTA-1",0
"AACCGCGAGAAGCCCA-1",3.11573053531331
"AACCGCGAGACTGGGT-1",0
"AACCGCGAGAGGTACC-1",1.76920366368494
"AACCGCGAGTTAGGTA-1",0
"AACCGCGAGTTGCAGG-1",1.16473445044374
"AACCGCGCACGGTAGA-1",0
"AACCGCGCAGCATGAG-1",0
"AACCGCGCAGCCTGTG-1",0
"AACCGCGCAGCTGTGC-1",0
"AACCGCGCAGTATGCT-1",1.70852199121254
"AACCGCGGTACTTGAC-1",1.68058951233203
"AACCGCGGTCTGCAAT-1",1.41470318139231
"AACCGCGTCACATGCA-1",1.75918329879344
"AACCGCGTCACCGTAA-1",0
"AACCGCGTCCAGAGGA-1",0
"AACCGCGTCCGAAGAG-1",0
"AACGTTGAGCGATAGC-1",0
"AACGTTGAGCGATCCC-1",0
"AACGTTGAGCTTATCG-1",0
"AACGTTGCAAGTTGTC-1",0
"AACGTTGCAATAGAGT-1",0.992754634691762
"AACGTTGCAATGGATA-1",1.59896079460985
"AACGTTGCATGGATGG-1",1.78141811543332
"AACGTTGCATTCTCAT-1",4.35445535714769
"AACGTTGTCAACACGT-1",2.24190447418612
"AACGTTGTCGAGGTAG-1",2.19536866753685
"AACGTTGTCGGTCCGA-1",1.38143907613828
"AACTCAGAGAGCTATA-1",0
"AACTCAGAGAGTCGGT-1",4.93310725381516
"AACTCAGAGCCACCTG-1",0
"AACTCAGAGCCCAATT-1",0
"AACTCAGCAAACAACA-1",1.62138413570584
"AACTCAGCACAAGCCC-1",0
"AACTCAGCACGGTTTA-1",0
"AACTCAGCAGGATCGA-1",1.6609657208989
"AACTCAGCATAAAGGT-1",0
"AACTCAGGTTCCACAA-1",1.04413588534703
"AACTCAGTCGTACCGG-1",0
"AACTCCCAGCCCAGCT-1",0
"AACTCCCAGCTAAGAT-1",1.04413588534703
"AACTCCCCATGGTCTA-1",2.90348846782357
"AACTCCCGTTGCGCAC-1",6.8989974523604
"AACTCCCTCAAGAAGT-1",1.68058951233203
"AACTCCCTCAAGCCTA-1",5.73525471045408
"AACTCCCTCATCGCTC-1",0
"AACTCCCTCTGCAGTA-1",2.52298088892371
"AACTCCCTCTGGCGTG-1",1.55010236289611
"AACTCTTAGCAGACTG-1",2.81016366021036
"AACTCTTAGTCCGGTC-1",2.01629094581711
"AACTCTTCATGCTAGT-1",0
"AACTCTTGTCGAATCT-1",0
"AACTCTTGTCGGGTCT-1",1.20229542065056
"AACTCTTTCTCAAACG-1",0
"AACTCTTTCTCCAGGG-1",3.49252870942167
"AACTCTTTCTCTGCTG-1",1.7391728066723
"AACTGGTAGAAGATTC-1",0
"AACTGGTAGAGACTAT-1",0
"AACTGGTAGCCAACAG-1",0
"AACTGGTAGTGTACTC-1",5.10863985638749
"AACTGGTCACTGAAGG-1",1.79593833030302
"AACTGGTGTCCGAACC-1",2.0952636775549
"AACTGGTTCGGAGCAA-1",1.40673748343183
"AACTGGTTCGTGGGAA-1",1.59550481813018
"AACTGGTTCTGCTTGC-1",0
"AACTTTCAGCGTGAAC-1",1.94676778204099
"AACTTTCAGTATCTCG-1",0
"AACTTTCAGTTTCCTT-1",1.84897736262192
"AACTTTCCATCCTTGC-1",2.03862302633411
"AACTTTCGTCTAGAGG-1",1.50411628685348
"AACTTTCGTCTCTTTA-1",0
"AACTTTCGTTTGTTTC-1",1.89361497818834
"AAGACCTAGGGCTTCC-1",0
"AAGACCTAGTACACCT-1",0
"AAGACCTGTATATGAG-1",0
"AAGACCTGTATCAGTC-1",0
"AAGACCTGTCCGTGAC-1",0
"AAGACCTGTCGAAAGC-1",0
"AAGACCTTCGCCATAA-1",1.78141811543332
"AAGCCGCAGATCTGAA-1",3.14432637501743
"AAGCCGCAGGGTGTTG-1",1.84403241487607
"AAGCCGCAGTGGACGT-1",1.71633991396968
"AAGCCGCAGTGTACTC-1",0
"AAGCCGCCACGCTTTC-1",0
"AAGCCGCCAGGACGTA-1",0
"AAGCCGCGTACAGTTC-1",0
"AAGCCGCGTCATTAGC-1",1.52458668064213
"AAGCCGCTCACGAAGG-1",0
"AAGCCGCTCAGTTAGC-1",0
"AAGCCGCTCGCAAACT-1",1.81033167280907
"AAGCCGCTCGTCGTTC-1",0
"AAGCCGCTCTTACCGC-1",2.81016366021036
"AAGGAGCAGAAACCGC-1",1.82895755035911
"AAGGAGCAGGCATGTG-1",2.90348846782357
"AAGGAGCAGGCGCTCT-1",1.52655736826815
"AAGGAGCAGTTGAGTA-1",2.19536866753685
"AAGGAGCCACGGCGTT-1",0
"AAGGAGCGTCTGCAAT-1",0
"AAGGAGCTCGTCTGCT-1",0
"AAGGCAGAGAACTGTA-1",2.42115545891574
"AAGGCAGAGAGATGAG-1",0
"AAGGCAGAGGTGATAT-1",0
"AAGGCAGCATAGTAAG-1",0
"AAGGCAGGTACTTCTT-1",1.0764471048401
"AAGGCAGGTGTGCCTG-1",0
"AAGGCAGTCAGATAAG-1",0
"AAGGCAGTCGGAATCT-1",1.20474335530799
"AAGGTTCAGTATCTCG-1",0
"AAGGTTCCATCACGTA-1",0
"AAGGTTCGTATATGGA-1",2.81016366021036
"AAGGTTCGTCCGAATT-1",1.26650242824608
"AAGGTTCGTCGACTAT-1",2.81881149440358
"AAGGTTCGTGTGACCC-1",1.90862732886202
"AAGGTTCTCCGTCATC-1",1.75918329879344
"AAGGTTCTCCTCGCAT-1",2.90348846782357
"AAGGTTCTCTGCGGCA-1",1.16625372558609
"AAGTCTGAGCCATCGC-1",0
"AAGTCTGAGTCAAGCG-1",5.10863985638749
"AAGTCTGCAAAGGAAG-1",2.84700354163464
"AAGTCTGGTCAGCTAT-1",1.78884874323438
"AAGTCTGTCAAACAAG-1",1.82895755035911
"AAGTCTGTCACTGGGC-1",0
"AAGTCTGTCAGCAACT-1",1.83159513585076
"AATCCAGCAAAGTGCG-1",0
"AATCCAGCAGCATACT-1",2.78132072999557
"AATCCAGGTAGGCATG-1",0
"AATCCAGGTCTCCCTA-1",0
"AATCCAGTCCGAATGT-1",2.09456049715953
"AATCGGTAGGCATGGT-1",1.42709102283036
"AATCGGTTCCTGTACC-1",0
"AATCGGTTCGCCGTGA-1",1.35141006662396
"ACACCAAAGATGAGAG-1",1.24162561788252
"ACACCAAAGCCCTAAT-1",2.244830820355
"ACACCAAAGGATGGTC-1",0
"ACACCAAAGTGTCCAT-1",0
"ACACCAACACTTCGAA-1",3.93046053621983
"ACACCAACAGACGCTC-1",0
"ACACCAACAGCCTATA-1",0
"ACACCAAGTCGCGTGT-1",1.83159513585076
"ACACCAAGTCTAAACC-1",1.62138413570584
"ACACCAAGTTATGTGC-1",1.81376069513352
"ACACCAATCGCGTTTC-1",0
"ACACCCTAGCCAGGAT-1",2.09456049715953
"ACACCCTAGTACTTGC-1",0.870344147873255
"ACACCCTCAAGCGCTC-1",1.50411628685348
"ACACCCTCATCACAAC-1",2.67404439459547
"ACACCCTCATGCCCGA-1",0
"ACACCCTGTCTGGTCG-1",1.41352519036667
"ACACCCTTCCGCAAGC-1",1.26485763368178
"ACACCCTTCCTTGCCA-1",1.52458668064213
"ACACCCTTCTATCCTA-1",4.35445535714769
"ACACCCTTCTGGCGTG-1",1.90423745265475
"ACACCGGAGGCTCAGA-1",0
"ACACCGGAGTGACATA-1",1.68130087784479
"ACACCGGAGTTACCCA-1",1.48138821445583
"ACACCGGCACCAGATT-1",2.42115545891574
"ACACCGGCACCGAAAG-1",1.57210853934006
"ACACCGGCATCACAAC-1",1.6609657208989
"ACACCGGTCCGCATAA-1",0
"ACACCGGTCTCGGACG-1",0
"ACACCGGTCTCTGTCG-1",0
"ACACTGAAGCACGCCT-1",1.82895755035911
"ACACTGAAGGTGATTA-1",0
"ACACTGACAATAGAGT-1",2.0952636775549
"ACACTGACAGACTCGC-1",1.81457883111854
"ACACTGACATCCAACA-1",0
"ACACTGAGTCCGAAGA-1",1.59896079460985
"ACACTGAGTGTTTGTG-1",1.52458668064213
"ACACTGAGTTTGACTG-1",0
"ACAGCCGAGGAATGGA-1",1.81376069513352
"ACAGCCGAGGCCCGTT-1",0
"ACAGCCGAGGTGCTTT-1",0
"ACAGCCGAGTGGTAGC-1",1.64390993462428
"ACAGCCGCATATACGC-1",0
"ACAGCCGCATGCAACT-1",0
"ACAGCCGGTAGGGTAC-1",0
"ACAGCCGGTCGAATCT-1",1.5024849469806
"ACAGCCGGTTCACCTC-1",0
"ACAGCCGGTTCCACTC-1",1.56369446183241
"ACAGCCGTCCAGAAGG-1",0
"ACAGCCGTCTTTACAC-1",3.06726614733138
"ACAGCTAAGCACCGCT-1",1.68130087784479
"ACAGCTAAGTATCTCG-1",0
"ACAGCTAAGTGTTGAA-1",0
"ACAGCTACATCGTCGG-1",0
"ACAGCTAGTCGACTAT-1",0
"ACAGCTAGTGGTACAG-1",1.62138413570584
"ACAGCTATCACCACCT-1",1.45565972513391
"ACAGCTATCTGCTTGC-1",1.83159513585076
"ACATACGAGAGCTTCT-1",1.79635756285368
"ACATACGAGCGTAGTG-1",1.5024849469806
"ACATACGAGCTTCGCG-1",0
"ACATACGAGCTTTGGT-1",1.64390993462428
"ACATACGCAAACGTGG-1",1.85968999653767
"ACATACGCAAGCCTAT-1",1.85304836424335
"ACATACGCATCTCCCA-1",0
"ACATACGCATTCTCAT-1",0
"ACATACGGTAGGAGTC-1",0
"ACATACGGTGCACCAC-1",0
"ACATACGGTGGTTTCA-1",3.34388249035626
"ACATACGTCGTATCAG-1",0
"ACATCAGAGCCACTAT-1",0
"ACATCAGAGCCTTGAT-1",1.78141811543332
"ACATCAGCAACACCCG-1",1.35141006662396
"ACATCAGCAACGATGG-1",0
"ACATCAGCAATTGCTG-1",0
"ACATCAGCACCGGAAA-1",0
"ACATCAGCATAAAGGT-1",0
"ACATCAGCATCCCACT-1",0
"ACATCAGCATTTGCCC-1",3.70718599389871
"ACATCAGGTAAGGATT-1",2.81016366021036
"ACATCAGGTCCGTGAC-1",0
"ACATCAGGTTAAGTAG-1",0
"ACATCAGTCAAACCGT-1",0
"ACATGGTAGCATGGCA-1",3.14432637501743
"ACATGGTAGCTGTTCA-1",0
"ACATGGTCACTTGGAT-1",0
"ACATGGTGTCAGATAA-1",1.78141811543332
"ACATGGTGTCTGCGGT-1",0
"ACATGGTGTGCAACTT-1",0
"ACATGGTTCCGCAAGC-1",1.83159513585076
"ACATGGTTCCTCCTAG-1",0
"ACATGGTTCTGGAGCC-1",2.81881149440358
"ACATGGTTCTTCTGGC-1",0
"ACCAGTAAGATCACGG-1",0
"ACCAGTAAGCTTCGCG-1",3.60921508393703
"ACCAGTACACAGATTC-1",0
"ACCAGTACACAGGCCT-1",0
"ACCAGTACAGTATGCT-1",4.2038558400803
"ACCAGTACAGTCAGAG-1",0
"ACCAGTACAGTTTACG-1",1.41470318139231
"ACCAGTAGTCACCCAG-1",5.73525471045408
"ACCAGTAGTCCATCCT-1",0
"ACCAGTAGTCTTCAAG-1",3.93046053621983
"ACCAGTAGTGGACGAT-1",3.225461650639
"ACCAGTATCTGCGACG-1",0
"ACCAGTATCTGCTTGC-1",0
"ACCAGTATCTGTTTGT-1",0
"ACCCACTAGAGGTTAT-1",1.24162561788252
"ACCCACTAGATCCCGC-1",0.899236510835915
"ACCCACTAGATGTGTA-1",0
"ACCCACTAGCCCAATT-1",0
"ACCCACTCAAGGGTCA-1",6.06023422755885
"ACCCACTCAAGGTTCT-1",3.14432637501743
"ACCCACTGTAAATGAC-1",0
"ACCCACTGTAGCCTCG-1",2.01629094581711
"ACCCACTGTCAAAGAT-1",0
"ACCCACTGTCAATACC-1",0
"ACCCACTGTGTGGTTT-1",1.73724132094828
"ACCCACTTCGCAAACT-1",1.62694524888205
"ACCCACTTCTGCCAGG-1",1.41352519036667
"ACCGTAACAATCGGTT-1",5.17301280301672
"ACCGTAACAATCTACG-1",4.93310725381516
"ACCGTAACAGGTCCAC-1",0
"ACCGTAAGTACAGCAG-1",3.45358123491796
"ACCGTAAGTCATGCAT-1",1.50411628685348
"ACCGTAAGTGAGTGAC-1",1.73724132094828
"ACCGTAAGTTAAGAAC-1",4.93310725381516
"ACCGTAAGTTCCGTCT-1",0
"ACCGTAATCACATAGC-1",0
"ACCGTAATCATGTGGT-1",0
"ACCGTAATCTGAAAGA-1",0
"ACCTTTACAATCGGTT-1",0
"ACCTTTACACGGACAA-1",0
"ACCTTTACAGCAGTTT-1",0
"ACCTTTACATGCAACT-1",2.38616016791626
"ACCTTTACATTTCAGG-1",0
"ACCTTTAGTGAACCTT-1",1.81376069513352
"ACCTTTAGTTCCACTC-1",1.48138821445583
"ACCTTTATCTCTAGGA-1",2.41804046101533
"ACGAGCCAGGCAGGTT-1",0
"ACGAGCCCACAGGCCT-1",0
"ACGAGCCCATGGAATA-1",1.82895755035911
"ACGAGCCGTGCACGAA-1",3.2239136027817
"ACGAGCCGTGTGACCC-1",2.78628821373635
"ACGAGCCGTTGGTTTG-1",0
"ACGAGCCTCAGTCCCT-1",0
"ACGAGCCTCGCAAACT-1",1.87281826504998
"ACGAGGACACTACAGT-1",0
"ACGAGGACATGTAGTC-1",1.35141006662396
"ACGAGGAGTACACCGC-1",0
"ACGAGGAGTGCCTGCA-1",1.90862732886202
"ACGAGGAGTTCTGAAC-1",2.78132072999557
"ACGAGGATCTGCGGCA-1",5.73525471045408
"ACGATACAGAGTGACC-1",0
"ACGATACAGCGCCTTG-1",1.84897736262192
"ACGATACCACGTTGGC-1",1.90862732886202
"ACGATACCATTGGGCC-1",0
"ACGATACGTCGAATCT-1",0
"ACGATACTCTGACCTC-1",1.35141006662396
"ACGATGTAGTGCGATG-1",0
"ACGATGTAGTTGAGAT-1",0
"ACGATGTCAACGCACC-1",0
"ACGATGTCACACGCTG-1",0
"ACGATGTGTATTCTCT-1",1.26485763368178
"ACGATGTGTCAGTGGA-1",1.82895755035911
"ACGATGTGTGACTACT-1",1.94676778204099
"ACGATGTGTGTCGCTG-1",3.45358123491796
"ACGATGTTCGCGTAGC-1",0
"ACGATGTTCTCTTATG-1",1.85304836424335
"ACGCAGCAGCGGCTTC-1",0
"ACGCAGCAGCTGCGAA-1",0
"ACGCAGCAGTGTACGG-1",3.22688468216008
"ACGCAGCCACCTCGTT-1",1.69568501583596
"ACGCAGCCATCGACGC-1",0
"ACGCAGCCATTACCTT-1",0
"ACGCAGCGTCCATGAT-1",1.79593833030302
"ACGCAGCGTCTACCTC-1",1.90423745265475
"ACGCAGCGTCTGGTCG-1",0
"ACGCAGCGTGCGATAG-1",1.91649626384902
"ACGCCAGCAAAGCAAT-1",1.83512693114287
"ACGCCAGCAACGCACC-1",0
"ACGCCAGCACGAGAGT-1",0
"ACGCCAGCAGTGAGTG-1",2.60966224193145
"ACGCCAGGTGCACTTA-1",3.06726614733138
"ACGCCAGGTGTGCGTC-1",0
"ACGCCAGTCACAGGCC-1",1.16625372558609
"ACGCCAGTCAGTGTTG-1",2.84700354163464
"ACGCCGAAGAAACGCC-1",0
"ACGCCGAAGATCTGCT-1",0
"ACGCCGACAGCCTGTG-1",1.5024849469806
"ACGCCGAGTTCCAACA-1",2.81016366021036
"ACGCCGATCCTATGTT-1",1.78141811543332
"ACGCCGATCGCAGGCT-1",0
"ACGCCGATCTTGTATC-1",0
"ACGGAGAAGCCAGTTT-1",0
"ACGGAGACACACATGT-1",3.34388249035626
"ACGGAGACAGCCTGTG-1",0
"ACGGAGACAGCGTAAG-1",0
"ACGGAGACAGTAAGCG-1",0
"ACGGAGAGTGTGACGA-1",3.87562288872671
"ACGGAGATCCACGAAT-1",0
"ACGGCCACACATCCAA-1",2.78031570370713
"ACGGCCACACATTCGA-1",1.35141006662396
"ACGGCCAGTACCGTAT-1",0
"ACGGCCAGTGTATGGG-1",1.78141811543332
"ACGGCCATCACGGTTA-1",0
"ACGGCCATCAGTGTTG-1",1.59550481813018
"ACGGCCATCTACTATC-1",1.81457883111854
"ACGGGCTAGGATCGCA-1",0
"ACGGGCTAGGTTCCTA-1",0
"ACGGGCTAGTGGCACA-1",0
"ACGGGCTCATCTGGTA-1",0
"ACGGGCTGTGAGGCTA-1",0
"ACGGGCTTCCGAACGC-1",0
"ACGGGTCAGATGCCAG-1",1.79635756285368
"ACGGGTCCATGATCCA-1",0
"ACGGGTCCATTAGGCT-1",0
"ACGGGTCCATTTCACT-1",0
"ACGGGTCGTTAGGGTG-1",0
"ACGGGTCTCAACACCA-1",1.59896079460985
"ACGGGTCTCCACGCAG-1",0
"ACGTCAAAGGGCTTCC-1",0
"ACGTCAAAGTGGTAAT-1",0
"ACGTCAACAACTGCGC-1",0
"ACGTCAACACAAGACG-1",1.58155171601472
"ACGTCAAGTAGCTCCG-1",1.24162561788252
"ACGTCAAGTGTCGCTG-1",2.1570836310026
"ACGTCAAGTTATGCGT-1",0
"ACGTCAATCAACCAAC-1",0
"ACGTCAATCATAACCG-1",0
"ACGTCAATCCAGAAGG-1",1.26650242824608
"ACGTCAATCTAACTCT-1",0
"ACTATCTAGAGGTTAT-1",0
"ACTATCTAGATACACA-1",1.82895755035911
"ACTATCTAGGAGTAGA-1",1.78306268190063
"ACTATCTAGGCATGTG-1",1.68130087784479
"ACTATCTCAAATACAG-1",3.90254129691314
"ACTATCTCAAATTGCC-1",1.83512693114287
"ACTATCTGTAGGGACT-1",0
"ACTATCTGTCGCGTGT-1",1.58678831255995
"ACTATCTGTGCACGAA-1",0
"ACTATCTGTGGTTTCA-1",2.03862302633411
"ACTATCTTCGCCGTGA-1",0
"ACTGAACAGAGTGAGA-1",1.73724132094828
"ACTGAACAGATCCCGC-1",0
"ACTGAACAGGTGATAT-1",1.45565972513391
"ACTGAACCAAAGCGGT-1",0
"ACTGAACCAAGCGAGT-1",0
"ACTGAACCAATTCCTT-1",1.79593833030302
"ACTGAACCAGCTGGCT-1",0
"ACTGAACCAGTCTTCC-1",0
"ACTGAACCATTACCTT-1",0
"ACTGAACGTAAGCACG-1",0
"ACTGAACGTAATCGTC-1",0
"ACTGAACGTCCAGTAT-1",0
"ACTGAACGTCTGATCA-1",0
"ACTGAACTCCCACTTG-1",1.52458668064213
"ACTGAGTAGCCGGTAA-1",1.41352519036667
"ACTGAGTCAGTGGGAT-1",1.81457883111854
"ACTGAGTCATTTGCCC-1",0.992754634691762
"ACTGAGTGTAGAGCTG-1",3.07932305313449
"ACTGAGTGTTGTGGCC-1",1.45565972513391
"ACTGAGTTCAGGTTCA-1",0
"ACTGATGAGACAGACC-1",1.84001142025209
"ACTGATGAGCGGATCA-1",2.78031570370713
"ACTGATGAGGTGCTTT-1",1.41352519036667
"ACTGATGCAGCAGTTT-1",2.60966224193145
"ACTGATGCATCACAAC-1",0
"ACTGATGGTCATGCAT-1",2.84700354163464
"ACTGATGTCACAATGC-1",0
"ACTGATGTCACTCCTG-1",0
"ACTGATGTCCCTGACT-1",1.83512693114287
"ACTGATGTCCGCTGTT-1",5.10863985638749
"ACTGATGTCCGGCACA-1",0
"ACTGATGTCCTATTCA-1",1.64088498456524
"ACTGCTCAGAGCTTCT-1",3.31900595340568
"ACTGCTCAGATGCCTT-1",0
"ACTGCTCCACACCGCA-1",1.24162561788252
"ACTGCTCCAGATGGGT-1",0
"ACTGCTCCATGCCTAA-1",0
"ACTGCTCGTAGGCATG-1",1.62138413570584
"ACTGCTCGTATCACCA-1",0
"ACTGCTCGTCCGAAGA-1",0
"ACTGCTCTCCGAGCCA-1",0
"ACTGTCCAGAGGGCTT-1",0
"ACTGTCCAGCAGCGTA-1",0
"ACTGTCCAGGCATGGT-1",3.06726614733138
"ACTGTCCCAAGGTTTC-1",1.85968999653767
"ACTGTCCCAAGTACCT-1",1.79593833030302
"ACTGTCCCAGTATCTG-1",0
"ACTGTCCCATAGAAAC-1",0
"ACTGTCCGTTGAGGTG-1",1.72084710114249
"ACTGTCCTCCACGTGG-1",1.82895755035911
"ACTGTCCTCCTTGGTC-1",5.10863985638749
"ACTGTCCTCTCTGTCG-1",0
"ACTTACTAGCGATAGC-1",0
"ACTTACTAGGGATGGG-1",0
"ACTTACTCACAGACAG-1",0
"ACTTACTCACATTTCT-1",0
"ACTTACTGTACTCAAC-1",1.69568501583596
"ACTTACTGTTCCACAA-1",0
"ACTTACTTCATCGGAT-1",0
"ACTTGTTAGACAAGCC-1",0
"ACTTGTTAGCTAGCCC-1",0
"ACTTGTTAGTTACCCA-1",1.35141006662396
"ACTTGTTCACGACGAA-1",0
"ACTTGTTCACGGCTAC-1",3.59364291746862
"ACTTGTTGTATCGCAT-1",0
"ACTTGTTGTGGTAACG-1",0
"ACTTGTTGTTGTGGAG-1",3.06726614733138
"ACTTGTTTCATCACCC-1",0
"ACTTTCACATGGTCAT-1",1.66651521998421
"ACTTTCAGTGACTACT-1",0
"ACTTTCATCGCCAGCA-1",1.64088498456524
"AGAATAGAGCTGAACG-1",0
"AGAATAGAGCTGTCTA-1",0
"AGAATAGAGGTAGCTG-1",0
"AGAATAGCATGGTCTA-1",1.70852199121254
"AGAATAGGTATTCTCT-1",0
"AGAATAGGTGCGGTAA-1",0
"AGAATAGGTTAAGAAC-1",0
"AGAATAGTCAGGCCCA-1",1.69206070452363
"AGACGTTAGAATGTGT-1",0
"AGACGTTAGCTCCTCT-1",0
"AGACGTTAGTGCCAGA-1",1.81376069513352
"AGACGTTCAGGATCGA-1",1.79593833030302
"AGACGTTGTAGCTGCC-1",1.72084710114249
"AGACGTTGTCTGCAAT-1",2.03862302633411
"AGACGTTGTTCTGTTT-1",2.19536866753685
"AGACGTTTCGCATGGC-1",2.78132072999557
"AGACGTTTCGCTTAGA-1",1.83159513585076
"AGAGCGACAACTTGAC-1",0
"AGAGCGACAAGTACCT-1",0
"AGAGCGACACAACGTT-1",1.81457883111854
"AGAGCGACATGAGCGA-1",0
"AGAGCGAGTCAGTGGA-1",0
"AGAGCGAGTCGACTGC-1",1.24162561788252
"AGAGCGAGTTGAGTTC-1",1.89361497818834
"AGAGCGATCGCGTAGC-1",2.01629094581711
"AGAGCGATCTATCCTA-1",0
"AGAGCGATCTCGCTTG-1",2.60966224193145
"AGAGCTTAGCCGTCGT-1",0
"AGAGCTTAGTACACCT-1",0
"AGAGCTTAGTCATGCT-1",0
"AGAGCTTGTAGAGCTG-1",0
"AGAGCTTGTATCACCA-1",4.80021621299075
"AGAGCTTTCACTATTC-1",0
"AGAGCTTTCCTGCAGG-1",0
"AGAGCTTTCGCAAACT-1",1.90862732886202
"AGAGCTTTCGCTTAGA-1",1.89601581014423
"AGAGTGGAGAGCCTAG-1",0
"AGAGTGGAGGCCCTTG-1",0
"AGAGTGGAGGTACTCT-1",0
"AGAGTGGCACAAGACG-1",0
"AGAGTGGCACCTCGTT-1",0
"AGAGTGGCATCCGGGT-1",0
"AGAGTGGCATCTGGTA-1",0
"AGAGTGGGTCAGCTAT-1",3.2239136027817
"AGAGTGGGTCCTCCAT-1",2.19536866753685
"AGAGTGGGTCTAGTCA-1",4.35445535714769
"AGAGTGGGTTACCGAT-1",3.66723883868837
"AGATCTGAGGTGGGTT-1",0
"AGATCTGAGTCAAGGC-1",0
"AGATCTGCAATGTTGC-1",1.64390993462428
"AGATCTGTCGAATCCA-1",0
"AGATCTGTCTGCAGTA-1",0
"AGATTGCAGGCTACGA-1",0
"AGATTGCCACGACGAA-1",1.64390993462428
"AGATTGCCAGATGGGT-1",5.17301280301672
"AGATTGCGTAGAGCTG-1",1.28966752543082
"AGATTGCGTGATGTCT-1",1.0764471048401
"AGATTGCGTGTTCGAT-1",0
"AGATTGCGTTCACGGC-1",0
"AGATTGCTCACTGGGC-1",6.8989974523604
"AGATTGCTCATCTGTT-1",1.88125508953146
"AGCAGCCAGCTGATAA-1",1.90862732886202
"AGCAGCCCACCGAAAG-1",1.16473445044374
"AGCAGCCGTCGACTGC-1",5.73525471045408
"AGCAGCCGTCGCTTTC-1",1.35141006662396
"AGCAGCCGTCTAACGT-1",0
"AGCAGCCGTGTGAAAT-1",1.62694524888205
"AGCAGCCGTTTGTTGG-1",0
"AGCAGCCTCCAAACAC-1",1.84897736262192
"AGCATACAGTGGTAGC-1",3.34388249035626
"AGCATACAGTTGTCGT-1",1.45565972513391
"AGCATACGTCTTCTCG-1",0
"AGCATACGTTAAGTAG-1",3.11573053531331
"AGCATACTCCGTTGCT-1",3.60781994502337
"AGCCTAAAGATATGGT-1",2.78628821373635
"AGCCTAACAAAGCGGT-1",0
"AGCCTAACAGATAATG-1",1.59550481813018
"AGCCTAAGTACGAAAT-1",3.45358123491796
"AGCCTAAGTCACCTAA-1",0
"AGCCTAAGTGTGCCTG-1",0
"AGCCTAATCACCCGAG-1",1.83159513585076
"AGCCTAATCCAATGGT-1",0
"AGCCTAATCCTTGGTC-1",0
"AGCCTAATCTGTGCAA-1",1.42709102283036
"AGCCTAATCTGTTTGT-1",0
"AGCGGTCAGCGAAGGG-1",0
"AGCGGTCAGGTACTCT-1",2.09456049715953
"AGCGGTCAGTGACTCT-1",0
"AGCGGTCCAGCCTTGG-1",1.89601581014423
"AGCGGTCGTCCTAGCG-1",1.69206070452363
"AGCGGTCGTGGTGTAG-1",0
"AGCGGTCGTTAAGGGC-1",4.80021621299075
"AGCGGTCGTTTGCATG-1",0
"AGCGGTCTCCGAAGAG-1",0
"AGCGGTCTCCTCAATT-1",2.78132072999557
"AGCGGTCTCTGGGCCA-1",2.81881149440358
"AGCGTATAGAACTGTA-1",0
"AGCGTATAGCGATGAC-1",2.27089805024348
"AGCGTATAGGTACTCT-1",0
"AGCGTATGTTGAGGTG-1",2.78628821373635
"AGCGTATTCCAGAGGA-1",0
"AGCGTCGAGTTGAGTA-1",0
"AGCGTCGCAGGGATTG-1",0
"AGCGTCGTCTGAAAGA-1",0
"AGCTCCTAGACCTAGG-1",1.82895755035911
"AGCTCCTAGCGTTTAC-1",0
"AGCTCCTGTGTTTGTG-1",2.60966224193145
"AGCTCCTGTTGTCTTT-1",1.84403241487607
"AGCTCCTTCCGAATGT-1",0
"AGCTCCTTCTTGACGA-1",0
"AGCTCTCAGCGGATCA-1",0
"AGCTCTCAGCTGTTCA-1",1.35141006662396
"AGCTCTCAGGTGCTAG-1",0
"AGCTCTCCATACAGCT-1",0
"AGCTCTCGTCAGAGGT-1",1.48138821445583
"AGCTCTCGTGGGTCAA-1",0
"AGCTCTCTCACAACGT-1",0
"AGCTCTCTCTTGACGA-1",0
"AGCTTGAAGCATCATC-1",1.41352519036667
"AGCTTGAAGTAGCGGT-1",1.55010236289611
"AGCTTGAAGTTGTCGT-1",0
"AGCTTGACAATCCAAC-1",4.2038558400803
"AGCTTGACACCGATAT-1",0
"AGCTTGAGTCTACCTC-1",2.03862302633411
"AGCTTGAGTGCGCTTG-1",0
"AGCTTGAGTTACGCGC-1",0
"AGCTTGATCCTGCCAT-1",1.88125508953146
"AGCTTGATCTGCAAGT-1",0
"AGGCCACAGAGTAAGG-1",2.81016366021036
"AGGCCACAGGGTCTCC-1",0
"AGGCCACAGTACTTGC-1",0
"AGGCCACCAGGACCCT-1",1.90423745265475
"AGGCCACCATCAGTCA-1",5.75542193920835
"AGGCCACTCATGCTCC-1",5.17301280301672
"AGGCCACTCATTGCGA-1",1.83159513585076
"AGGCCGTAGGATCGCA-1",0
"AGGCCGTCACGTAAGG-1",2.14626690973484
"AGGCCGTCAGCTCGAC-1",0
"AGGCCGTCATCGTCGG-1",0
"AGGCCGTTCACGGTTA-1",0
"AGGCCGTTCGAACTGT-1",1.0764471048401
"AGGCCGTTCTCAAGTG-1",5.75542193920835
"AGGCCGTTCTGCTTGC-1",1.69568501583596
"AGGGAGTAGCCCAACC-1",0
"AGGGAGTAGGAGTACC-1",0
"AGGGAGTAGGCAGGTT-1",0
"AGGGAGTCACGAGAGT-1",0
"AGGGAGTCAGAAGCAC-1",6.06023422755885
"AGGGAGTCAGATCCAT-1",0
"AGGGAGTCATCGACGC-1",0
"AGGGAGTCATGCTAGT-1",1.78306268190063
"AGGGAGTGTCCATGAT-1",1.62138413570584
"AGGGAGTTCATAACCG-1",0
"AGGGATGAGCTCTCGG-1",0
"AGGGATGAGGAGTAGA-1",0
"AGGGATGAGTAGCGGT-1",0
"AGGGATGCAATGAATG-1",1.26485763368178
"AGGGATGCAATGGAGC-1",0
"AGGGATGCACAAGACG-1",1.78306268190063
"AGGGATGCACATTTCT-1",1.79593833030302
"AGGGATGCATGGTCTA-1",0
"AGGGATGGTTAAAGTG-1",0
"AGGGATGGTTATGCGT-1",1.0764471048401
"AGGGATGTCGTGACAT-1",0
"AGGGTGAAGATGGCGT-1",1.70852199121254
"AGGGTGAAGATGGGTC-1",1.89601581014423
"AGGGTGAAGGCTCAGA-1",0
"AGGGTGACACGAGAGT-1",4.2038558400803
"AGGGTGACAGATGGCA-1",3.06726614733138
"AGGGTGACAGATTGCT-1",0
"AGGGTGAGTACTCTCC-1",1.69206070452363
"AGGGTGAGTTATCGGT-1",1.7391728066723
"AGGGTGAGTTCTGAAC-1",0.992754634691762
"AGGGTGATCTCGCTTG-1",4.93310725381516
"AGGTCATAGAGCCCAA-1",0
"AGGTCATAGCCAGAAC-1",1.04413588534703
"AGGTCATAGGCATGGT-1",0
"AGGTCATAGGGAGTAA-1",0
"AGGTCATCACTCAGGC-1",1.50411628685348
"AGGTCATCACTCTGTC-1",0
"AGGTCATGTTCCACTC-1",3.34388249035626
"AGGTCATTCTCGTTTA-1",0
"AGGTCCGAGGATGCGT-1",0
"AGGTCCGGTGATGCCC-1",0
"AGGTCCGTCCATGAAC-1",0
"AGGTCCGTCGCCCTTA-1",0
"AGGTCCGTCTGCGTAA-1",1.89601581014423
"AGTAGTCAGACTGTAA-1",0
"AGTAGTCAGTACGACG-1",0
"AGTAGTCAGTTTAGGA-1",1.82895755035911
"AGTAGTCCAACTGGCC-1",1.69568501583596
"AGTAGTCGTGCAGACA-1",1.0764471048401
"AGTAGTCTCACCCGAG-1",0
"AGTCTTTAGGCAGTCA-1",3.45358123491796
"AGTCTTTCAAATCCGT-1",2.14626690973484
"AGTCTTTCATATACCG-1",0
"AGTCTTTGTGCTTCTC-1",3.07932305313449
"AGTCTTTGTGTCCTCT-1",1.15214382108101
"AGTCTTTTCGCAGGCT-1",0
"AGTCTTTTCGCGTAGC-1",0
"AGTCTTTTCGCTAGCG-1",0
"AGTCTTTTCGCTTGTC-1",0
"AGTCTTTTCTGACCTC-1",0
"AGTGAGGAGATAGCAT-1",1.15214382108101
"AGTGAGGCAGGTGCCT-1",0
"AGTGAGGGTATGAAAC-1",1.83159513585076
"AGTGAGGGTCACTTCC-1",0
"AGTGAGGGTCGCGAAA-1",0
"AGTGAGGGTTATGTGC-1",0
"AGTGAGGTCTACTATC-1",0
"AGTGGGAAGCAGACTG-1",0
"AGTGGGACAAACGCGA-1",1.83159513585076
"AGTGGGACAAGCCGTC-1",1.59550481813018
"AGTGGGACACAGGAGT-1",0
"AGTGGGACACGAGAGT-1",0
"AGTGGGATCATCGATG-1",1.24162561788252
"AGTGGGATCCACGAAT-1",2.60966224193145
"AGTGGGATCCTGCAGG-1",0.899236510835915
"AGTGTCAAGAAGCCCA-1",0
"AGTGTCAAGCTAGTCT-1",1.35141006662396
"AGTGTCAAGTACGACG-1",0
"AGTGTCAAGTGAACAT-1",0
"AGTGTCACACCATCCT-1",0
"AGTGTCACAGTAAGCG-1",0
"AGTGTCACAGTGGAGT-1",0
"AGTGTCAGTAAACCTC-1",0
"AGTGTCAGTACAGCAG-1",1.69568501583596
"AGTGTCAGTCTCCACT-1",0
"AGTGTCAGTTTGACTG-1",0
"AGTGTCATCAAAGTAG-1",1.89601581014423
"AGTGTCATCCGTCAAA-1",4.93310725381516
"AGTGTCATCGTTACAG-1",1.57210853934006
"AGTGTCATCTGTCAAG-1",2.03862302633411
"AGTTGGTAGACTGTAA-1",0
"AGTTGGTAGTACGCGA-1",2.09456049715953
"AGTTGGTCAAATTGCC-1",0
"AGTTGGTCAGGAATGC-1",0
"AGTTGGTCATGCGCAC-1",1.0764471048401
"AGTTGGTGTACCGTAT-1",0.992754634691762
"AGTTGGTGTATGCTTG-1",0
"AGTTGGTGTCAGGACA-1",2.84700354163464
"AGTTGGTGTTCAGACT-1",0
"AGTTGGTTCAGTACGT-1",0
"AGTTGGTTCCTCAACC-1",1.35141006662396
"AGTTGGTTCGTACCGG-1",0
"AGTTGGTTCTGTCCGT-1",1.79593833030302
"ATAACGCAGTTGAGTA-1",1.70852199121254
"ATAACGCCACGTGAGA-1",0
"ATAACGCGTGAACCTT-1",1.26650242824608
"ATAACGCGTGTCCTCT-1",1.87281826504998
"ATAACGCGTGTGAAAT-1",1.82895755035911
"ATAACGCTCTCCGGTT-1",1.26650242824608
"ATAAGAGAGTCCGGTC-1",1.89601581014423
"ATAAGAGCAACTGCGC-1",1.84403241487607
"ATAAGAGCAGTATCTG-1",0
"ATAAGAGGTGACGCCT-1",0
"ATAAGAGGTTAAAGTG-1",1.41470318139231
"ATAAGAGTCAGCACAT-1",0
"ATAAGAGTCAGTGCAT-1",0
"ATAGACCAGAGAGCTC-1",5.73525471045408
"ATAGACCAGCCCAATT-1",0
"ATAGACCCAAGCCATT-1",2.78132072999557
"ATAGACCCATCTGGTA-1",3.14432637501743
"ATAGACCGTATATGGA-1",0
"ATAGACCGTGGACGAT-1",0
"ATAGACCGTGGCGAAT-1",4.68486739501976
"ATAGACCGTTTCGCTC-1",3.60781994502337
"ATCACGAAGAACTCGG-1",2.38616016791626
"ATCACGAAGACACGAC-1",0
"ATCACGAAGTTACCCA-1",2.67404439459547
"ATCACGACAAGACACG-1",0
"ATCACGACAAGCGTAG-1",0
"ATCACGACACACATGT-1",2.0952636775549
"ATCACGACACCACCAG-1",0
"ATCACGACACGGTAAG-1",0
"ATCACGACAGCGAACA-1",1.28966752543082
"ATCACGATCCCGACTT-1",1.76920366368494
"ATCACGATCGGTGTCG-1",3.45358123491796
"ATCATCTAGCCTATGT-1",1.68130087784479
"ATCATCTAGGCCATAG-1",0.992754634691762
"ATCATCTAGTACTTGC-1",0
"ATCATCTCAGACGCCT-1",1.81033167280907
"ATCATCTCATCCGTGG-1",1.69206070452363
"ATCATCTGTATTACCG-1",2.0952636775549
"ATCATCTGTCACTTCC-1",0
"ATCATCTTCAGCGACC-1",0
"ATCATCTTCCTCAACC-1",1.15214382108101
"ATCATGGCAAGCGTAG-1",0
"ATCATGGCAAGGTTCT-1",4.80021621299075
"ATCATGGCACTACAGT-1",0
"ATCATGGGTAAGGGAA-1",1.21182298683557
"ATCATGGGTTGTGGCC-1",0
"ATCATGGTCAATAAGG-1",0
"ATCATGGTCCAATGGT-1",5.10863985638749
"ATCATGGTCGCCATAA-1",0
"ATCATGGTCGGTTAAC-1",4.81070191534165
"ATCCACCAGCTAGTCT-1",0
"ATCCACCAGGCTCTTA-1",0
"ATCCACCCAAACGTGG-1",0
"ATCCACCCAGTTAACC-1",0
"ATCCACCGTCCGAAGA-1",1.83512693114287
"ATCCACCGTTTGTTTC-1",1.84897736262192
"ATCCACCTCCTGCTTG-1",1.84001142025209
"ATCCACCTCCTTAATC-1",1.41470318139231
"ATCCACCTCTGGTATG-1",0
"ATCCGAAAGCGATGAC-1",2.78628821373635
"ATCCGAAAGCTAGGCA-1",2.90348846782357
"ATCCGAACAAACGTGG-1",0
"ATCCGAACAACAACCT-1",1.79593833030302
"ATCCGAACAAGGACTG-1",0
"ATCCGAACACCCATTC-1",1.81376069513352
"ATCCGAACACGGTAGA-1",1.79593833030302
"ATCCGAAGTAGCGCTC-1",0
"ATCCGAAGTCATTAGC-1",0
"ATCCGAAGTCTCTTAT-1",0
"ATCCGAATCCAACCAA-1",3.53863732233988
"ATCCGAATCCTTGACC-1",1.81376069513352
"ATCCGAATCTTGTCAT-1",0
"ATCGAGTAGACTTTCG-1",0
"ATCGAGTCATCCGGGT-1",0
"ATCGAGTGTCCCTTGT-1",0
"ATCGAGTGTCTCCCTA-1",1.82895755035911
"ATCGAGTTCATGCATG-1",1.52458668064213
"ATCGAGTTCCTGCCAT-1",0
"ATCTACTAGGTGTGGT-1",4.8504396503352
"ATCTACTCAGCTGTAT-1",2.78132072999557
"ATCTACTCAGTACACT-1",3.53863732233988
"ATCTACTCATGACATC-1",4.80021621299075
"ATCTACTGTAAGTAGT-1",2.244830820355
"ATCTACTGTGTCGCTG-1",1.16625372558609
"ATCTACTTCCGCGTTT-1",1.16625372558609
"ATCTACTTCGCAAGCC-1",0
"ATCTACTTCTATCGCC-1",0
"ATCTACTTCTCTAAGG-1",0
"ATCTGCCAGGCTCAGA-1",3.90254129691314
"ATCTGCCGTACAGTTC-1",1.77365793827803
"ATCTGCCGTTGTGGAG-1",0
"ATCTGCCTCAGAGACG-1",1.62138413570584
"ATCTGCCTCAGCTGGC-1",3.53863732233988
"ATCTGCCTCGTACGGC-1",0
"ATCTGCCTCTCGAGTA-1",3.37562324396251
"ATCTGCCTCTGAGTGT-1",3.90254129691314
"ATCTGCCTCTTGTATC-1",0
"ATGAGGGAGGTCGGAT-1",4.35445535714769
"ATGAGGGCATGACGGA-1",0
"ATGAGGGCATTAGGCT-1",0
"ATGAGGGTCACATGCA-1",2.01629094581711
"ATGAGGGTCAGTCCCT-1",1.7391728066723
"ATGCGATAGTCAATAG-1",1.64390993462428
"ATGCGATCATGTTGAC-1",0.944234683245289
"ATGCGATGTGCAGTAG-1",3.76207093446707
"ATGCGATGTGCATCTA-1",0
"ATGCGATTCCCAAGAT-1",0
"ATGCGATTCGCCATAA-1",1.68058951233203
"ATGGGAGAGCAATATG-1",0
"ATGGGAGAGCCACGCT-1",3.27955030694188
"ATGGGAGAGGTGATAT-1",0
"ATGGGAGCACCAGGTC-1",1.79051056185953
"ATGGGAGCACTATCTT-1",4.93310725381516
"ATGGGAGCAGCATACT-1",0
"ATGGGAGCATAGAAAC-1",1.75918329879344
"ATGGGAGCATTACCTT-1",0
"ATGTGTGAGCGAAGGG-1",0
"ATGTGTGAGGGTTTCT-1",1.90862732886202
"ATGTGTGAGTTGAGTA-1",1.41352519036667
"ATGTGTGCACGGCGTT-1",0
"ATGTGTGCACGGTTTA-1",0
"ATGTGTGCAGTATAAG-1",0
"ATGTGTGTCACGCGGT-1",0
"ATTACTCAGATGTGTA-1",0
"ATTACTCAGCGTAATA-1",0
"ATTACTCAGGTGCACA-1",0
"ATTACTCAGTGAAGTT-1",2.0952636775549
"ATTACTCCAAACTGTC-1",2.063420415282
"ATTACTCCACCATCCT-1",0
"ATTACTCCAGACTCGC-1",1.64088498456524
"ATTACTCCATATGCTG-1",0
"ATTACTCCATCGGTTA-1",0
"ATTACTCCATTGCGGC-1",0
"ATTACTCGTTAAAGAC-1",1.81457883111854
"ATTACTCTCCGAACGC-1",0
"ATTATCCAGAGTACCG-1",0
"ATTATCCAGCTTATCG-1",0
"ATTATCCCACAAGCCC-1",0
"ATTATCCCATATGAGA-1",0
"ATTATCCCATCTGGTA-1",0
"ATTATCCGTCGTTGTA-1",0
"ATTATCCGTCTCTCTG-1",0
"ATTATCCTCAACGGGA-1",1.90862732886202
"ATTATCCTCCGCGCAA-1",0
"ATTATCCTCTCCGGTT-1",1.55010236289611
"ATTCTACGTCACTTCC-1",0
"ATTCTACGTCTAGTCA-1",1.50411628685348
"ATTCTACGTTGTCGCG-1",0
"ATTGGACAGCAGATCG-1",1.42709102283036
"ATTGGACAGGGCATGT-1",0
"ATTGGACAGTGGACGT-1",0
"ATTGGACCAAGACACG-1",2.09456049715953
"ATTGGACGTAATAGCA-1",1.68058951233203
"ATTGGACTCCTGCTTG-1",4.86634663520424
"ATTGGACTCGGCGCAT-1",1.42709102283036
"ATTGGACTCGTTTGCC-1",1.84897736262192
"ATTGGTGAGAATGTTG-1",1.79593833030302
"ATTGGTGCAAGCTGAG-1",3.60921508393703
"ATTGGTGCAGCAGTTT-1",1.59550481813018
"ATTGGTGGTTGAGTTC-1",1.59550481813018
"ATTGGTGTCAAAGTAG-1",0
"ATTGGTGTCGGAAACG-1",1.79593833030302
"ATTTCTGAGGGATACC-1",2.0952636775549
"ATTTCTGAGGGATCTG-1",0
"ATTTCTGAGGTGTTAA-1",0
"ATTTCTGAGTCGAGTG-1",1.41352519036667
"ATTTCTGAGTTCGCAT-1",0
"ATTTCTGCAAGGTGTG-1",0
"ATTTCTGGTAGCTCCG-1",1.70852199121254
"ATTTCTGGTGCACGAA-1",2.90772493528414
"ATTTCTGGTTGCCTCT-1",0
"ATTTCTGTCAAAGTAG-1",2.42115545891574
"ATTTCTGTCAGCTCGG-1",2.60966224193145
"ATTTCTGTCTTGGGTA-1",1.50411628685348
"CAACCAAAGAAACGCC-1",0
"CAACCAAAGAGGGCTT-1",1.41470318139231
"CAACCAAAGCTGAAAT-1",0
"CAACCAAAGGACAGCT-1",1.79593833030302
"CAACCAAAGGGAGTAA-1",2.41804046101533
"CAACCAACATACGCTA-1",1.55010236289611
"CAACCTCAGTAATCCC-1",2.81016366021036
"CAACCTCCAGACGCAA-1",0
"CAACCTCGTGAGTGAC-1",0
"CAACCTCGTTCCACGG-1",2.84700354163464
"CAACCTCTCATACGGT-1",3.50475406127196
"CAACCTCTCCGATATG-1",0
"CAACCTCTCCTTTACA-1",3.06726614733138
"CAACCTCTCTCTAGGA-1",0
"CAACTAGAGAATAGGG-1",0
"CAACTAGAGGATGCGT-1",0
"CAACTAGCACCATCCT-1",1.83512693114287
"CAACTAGCAGACTCGC-1",1.59550481813018
"CAACTAGCAGTTCATG-1",1.64390993462428
"CAACTAGGTACGCACC-1",0
"CAACTAGTCAGGCCCA-1",2.78031570370713
"CAAGAAAAGAAGGACA-1",0
"CAAGAAAAGACGCACA-1",1.78306268190063
"CAAGAAAAGGCCCTTG-1",1.64390993462428
"CAAGAAAAGGTGATAT-1",3.76207093446707
"CAAGAAAAGTCGATAA-1",0
"CAAGAAAAGTGGAGTC-1",1.79051056185953
"CAAGAAAAGTGTACCT-1",0
"CAAGAAACACGGTGTC-1",1.82895755035911
"CAAGAAATCTGCTTGC-1",1.26650242824608
"CAAGATCAGCTGAAAT-1",1.84001142025209
"CAAGATCGTAAGAGGA-1",0
"CAAGATCGTGCCTTGG-1",0
"CAAGATCTCAACACCA-1",0
"CAAGATCTCTCGATGA-1",0
"CAAGGCCAGGAGTCTG-1",0
"CAAGGCCAGGCTATCT-1",1.79051056185953
"CAAGGCCCACGGTAAG-1",2.78132072999557
"CAAGGCCCATGTTCCC-1",0
"CAAGGCCGTCCGTCAG-1",0
"CAAGGCCTCAACGGGA-1",0
"CAAGGCCTCCTTGACC-1",0
"CAAGGCCTCGTGACAT-1",1.89601581014423
"CAAGTTGAGACAGGCT-1",1.90862732886202
"CAAGTTGAGATGTCGG-1",0
"CAAGTTGAGCGTCAAG-1",1.81033167280907
"CAAGTTGAGCGTTTAC-1",0
"CAAGTTGCACATTAGC-1",0
"CAAGTTGCACGCTTTC-1",0
"CAAGTTGCACGGTGTC-1",2.244830820355
"CAAGTTGCATTCTTAC-1",3.34388249035626
"CAAGTTGGTACTCAAC-1",0
"CAAGTTGGTCAGGACA-1",0
"CAAGTTGGTCGGCACT-1",2.60966224193145
"CAAGTTGTCAACGAAA-1",0
"CAAGTTGTCACCACCT-1",1.83512693114287
"CAAGTTGTCATTGCCC-1",5.75542193920835
"CAAGTTGTCGAATCCA-1",1.71633991396968
"CAAGTTGTCTACTTAC-1",1.94676778204099
"CACAAACAGGGCTCTC-1",3.11573053531331
"CACAAACAGGGCTTGA-1",1.45565972513391
"CACAAACAGTGACATA-1",1.53564386274411
"CACAAACCAACTGCGC-1",1.42709102283036
"CACAAACCAATAAGCA-1",1.52458668064213
"CACAAACCAATCAGAA-1",0
"CACAAACCACTTAACG-1",0
"CACAAACCATGAACCT-1",1.89361497818834
"CACAAACCATGGTCAT-1",2.27089805024348
"CACAAACGTCAACTGT-1",0
"CACAAACGTCAGAATA-1",0
"CACAAACTCTTCGGTC-1",0
"CACAAACTCTTGGGTA-1",1.26650242824608
"CACACAAAGCGACGTA-1",0
"CACACAAAGGGAGTAA-1",3.90254129691314
"CACACAACAAACGTGG-1",0
"CACACAACACATGACT-1",0
"CACACAACATCGATTG-1",0
"CACACAACATTGGGCC-1",1.79635756285368
"CACACAAGTACGACCC-1",0
"CACACAAGTCAGTGGA-1",2.27089805024348
"CACACAAGTCATCGGC-1",1.6609657208989
"CACACAAGTTTACTCT-1",0
"CACACAATCCACGTGG-1",0
"CACACAATCCACGTTC-1",0
"CACACAATCGGCGCAT-1",0
"CACACCTAGAGACTAT-1",0
"CACACCTAGGACATTA-1",0
"CACACCTAGTGTGAAT-1",0
"CACACCTCACTGAAGG-1",0
"CACACCTCATAGGATA-1",0
"CACACCTCATAGTAAG-1",3.94985462974867
"CACACCTCATTGGGCC-1",1.42709102283036
"CACACCTGTACAGCAG-1",1.6609657208989
"CACACCTGTACCGCTG-1",1.84403241487607
"CACACCTGTCCAAGTT-1",0
"CACACCTGTGGACGAT-1",0
"CACACCTGTGGTCTCG-1",0
"CACACCTTCATGTCTT-1",6.8989974523604
"CACACCTTCTGGCGAC-1",1.79051056185953
"CACACTCAGGGAAACA-1",2.38616016791626
"CACACTCCAACACCTA-1",0
"CACACTCCAAGGGTCA-1",0
"CACACTCGTGACGCCT-1",1.64390993462428
"CACACTCGTTTGTGTG-1",0
"CACAGGCAGCCATCGC-1",1.84001142025209
"CACAGGCAGGGATGGG-1",1.49064817827631
"CACAGGCCAAGAGTCG-1",0
"CACAGGCCAATGGAGC-1",4.2038558400803
"CACAGGCGTCTAGGTT-1",0
"CACAGGCGTTACGCGC-1",0
"CACAGGCTCGGGAGTA-1",0
"CACAGGCTCTATGTGG-1",2.78031570370713
"CACAGTAAGACGCAAC-1",1.84403241487607
"CACAGTAAGACGCACA-1",1.75918329879344
"CACAGTAAGTGGGCTA-1",1.21182298683557
"CACAGTACAACTGGCC-1",5.17301280301672
"CACAGTACATCGGACC-1",2.78031570370713
"CACAGTAGTTCCATGA-1",0.992754634691762
"CACATAGAGCCCAATT-1",0
"CACATAGAGTGTACTC-1",1.78141811543332
"CACATAGCACTTCTGC-1",5.18936399211166
"CACATAGCAGGGTATG-1",0
"CACATAGTCCTTGCCA-1",0
"CACATAGTCGGCGCAT-1",0
"CACATTTAGCAGATCG-1",1.50411628685348
"CACATTTAGGGCACTA-1",0
"CACATTTCACGGCGTT-1",1.83159513585076
"CACATTTCATTACCTT-1",1.89361497818834
"CACATTTGTCGAACAG-1",0
"CACATTTGTGTTGAGG-1",1.41470318139231
"CACATTTTCCAGAGGA-1",0
"CACATTTTCCGCATCT-1",0
"CACATTTTCTACTATC-1",1.84001142025209
"CACATTTTCTGTGCAA-1",2.03862302633411
"CACCACTAGCCACGTC-1",0
"CACCACTAGTGGTAAT-1",1.7391728066723
"CACCACTAGTTACCCA-1",1.89601581014423
"CACCACTCAAGCCCAC-1",0
"CACCACTCAGTTCATG-1",0
"CACCACTGTTATTCTC-1",2.81016366021036
"CACCACTTCACCGGGT-1",3.45358123491796
"CACCACTTCGAATCCA-1",2.09456049715953
"CACCACTTCGACCAGC-1",0
"CACCACTTCTAACCGA-1",2.84700354163464
"CACCACTTCTTTAGTC-1",2.27089805024348
"CACCAGGCACATTAGC-1",0.992754634691762
"CACCAGGCACTGCCAG-1",0
"CACCAGGCATAAAGGT-1",1.56369446183241
"CACCAGGCATGAACCT-1",3.81540340720385
"CACCAGGGTGAAATCA-1",0
"CACCAGGGTGTTTGGT-1",1.89601581014423
"CACCAGGGTTATCACG-1",0
"CACCAGGTCATGTAGC-1",3.76207093446707
"CACCAGGTCTGCTTGC-1",1.89601581014423
"CACCTTGAGACTTGAA-1",0
"CACCTTGAGTCAATAG-1",0
"CACCTTGCAGGCGATA-1",1.71633991396968
"CACCTTGCATTCCTGC-1",1.59959109262016
"CACCTTGGTCATTAGC-1",1.41352519036667
"CACCTTGGTGATGTCT-1",1.66651521998421
"CACCTTGGTTATGTGC-1",0
"CACCTTGTCAACCATG-1",1.84897736262192
"CACCTTGTCATTATCC-1",0
"CACCTTGTCCAAAGTC-1",0
"CACCTTGTCTCACATT-1",1.84897736262192
"CACTCCAAGACAAGCC-1",0
"CACTCCAAGGTACTCT-1",1.84001142025209
"CACTCCACAATGGACG-1",0
"CACTCCAGTACATGTC-1",1.84403241487607
"CACTCCAGTTGTCGCG-1",3.07932305313449
"CACTCCATCAACACAC-1",1.75918329879344
"CACTCCATCCCAGGTG-1",0
"CAGAATCAGAAACCTA-1",0
"CAGAATCAGCCAACAG-1",2.19536866753685
"CAGAATCAGCTGGAAC-1",3.59364291746862
"CAGAATCAGGACTGGT-1",0
"CAGAATCAGTATCGAA-1",0.992754634691762
"CAGAATCCACAGAGGT-1",1.04413588534703
"CAGAATCCAGGGTACA-1",0
"CAGAATCGTAAGTGTA-1",0
"CAGAATCGTAATCACC-1",0
"CAGAATCTCAGTTTGG-1",0
"CAGAATCTCGCAAGCC-1",1.84001142025209
"CAGAATCTCGGTCCGA-1",2.84700354163464
"CAGAATCTCTTGCAAG-1",0
"CAGAATCTCTTGTACT-1",2.0952636775549
"CAGAGAGAGAATTGTG-1",4.93310725381516
"CAGAGAGAGCAATATG-1",1.88125508953146
"CAGAGAGCAAGAAGAG-1",1.89601581014423
"CAGAGAGCACCAGATT-1",0
"CAGAGAGGTAATCACC-1",3.90254129691314
"CAGAGAGGTAGCTGCC-1",0
"CAGAGAGGTAGGACAC-1",0
"CAGAGAGGTATAGGGC-1",1.90423745265475
"CAGAGAGGTCCGAATT-1",0
"CAGAGAGGTTGAGGTG-1",5.73525471045408
"CAGAGAGTCACCCGAG-1",1.0764471048401
"CAGAGAGTCATAACCG-1",0
"CAGAGAGTCCGAACGC-1",3.07932305313449
"CAGAGAGTCTGGTATG-1",0
"CAGATCAAGAGACGAA-1",0
"CAGATCAAGCACCGTC-1",0
"CAGATCAAGCTTCGCG-1",2.60966224193145
"CAGATCAAGGATTCGG-1",1.0764471048401
"CAGATCAAGTGTACCT-1",0
"CAGATCAAGTTTAGGA-1",4.35445535714769
"CAGATCACAATAACGA-1",0
"CAGATCACACACCGAC-1",0
"CAGATCACACGGTAAG-1",0
"CAGATCACACTCTGTC-1",0
"CAGATCACAGCATACT-1",0
"CAGATCACAGTGGGAT-1",0
"CAGATCAGTACCAGTT-1",0
"CAGATCAGTGCGGTAA-1",1.94676778204099
"CAGATCATCTGATTCT-1",2.78132072999557
"CAGCAGCAGATGCCAG-1",1.42709102283036
"CAGCAGCAGGGAACGG-1",0
"CAGCAGCCACCTATCC-1",3.14432637501743
"CAGCAGCCATCACAAC-1",1.79593833030302
"CAGCAGCTCAACACTG-1",1.26650242824608
"CAGCAGCTCGAACTGT-1",0
"CAGCAGCTCGCCGTGA-1",0
"CAGCATAAGAGACGAA-1",0
"CAGCATAGTCTAGGTT-1",0
"CAGCATAGTTTACTCT-1",1.45565972513391
"CAGCATATCACGAAGG-1",0
"CAGCATATCAGGCAAG-1",0
"CAGCATATCCTTAATC-1",0
"CAGCCGAAGCATCATC-1",2.42115545891574
"CAGCCGAAGTTTCCTT-1",0
"CAGCCGACACGTGAGA-1",0
"CAGCCGACATCAGTCA-1",1.75918329879344
"CAGCCGAGTGATGTCT-1",0
"CAGCCGATCACCAGGC-1",1.79635756285368
"CAGCCGATCCTCAATT-1",1.81376069513352
"CAGCGACAGAAACGCC-1",0
"CAGCGACAGCGTCAAG-1",1.79593833030302
"CAGCGACCAAACGTGG-1",1.79635756285368
"CAGCGACCAAAGCGGT-1",4.80021621299075
"CAGCGACCACGTCAGC-1",2.78031570370713
"CAGCGACCATGGGACA-1",1.85304836424335
"CAGCGACGTCTGATTG-1",1.94676778204099
"CAGCGACGTGGACGAT-1",1.26650242824608
"CAGCGACGTGGTTTCA-1",1.79593833030302
"CAGCGACGTTCGGCAC-1",0
"CAGCGACTCCGCAAGC-1",0
"CAGCGACTCTGGGCCA-1",1.69568501583596
"CAGCTAAAGATGTGTA-1",0
"CAGCTAAAGCAGACTG-1",0
"CAGCTAAAGCTGTTCA-1",2.78031570370713
"CAGCTAAAGGAGCGTT-1",0
"CAGCTAACACAGATTC-1",3.45358123491796
"CAGCTAACATCAGTAC-1",1.90862732886202
"CAGCTAAGTAATCGTC-1",3.50475406127196
"CAGCTAAGTCTCACCT-1",0
"CAGCTAAGTTCGTCTC-1",0
"CAGCTAATCCACGCAG-1",3.06726614733138
"CAGCTAATCCCTAACC-1",0
"CAGCTAATCTGGTTCC-1",0
"CAGCTAATCTTAGCCC-1",1.66651521998421
"CAGCTAATCTTCGGTC-1",0
"CAGCTGGAGACACTAA-1",3.34388249035626
"CAGCTGGAGATCCTGT-1",0
"CAGCTGGCACCAACCG-1",3.59364291746862
"CAGCTGGCAGTGGAGT-1",1.35141006662396
"CAGCTGGCATGCATGT-1",0
"CAGCTGGTCTACCTGC-1",0
"CAGGTGCAGAGACGAA-1",0
"CAGGTGCAGATCCTGT-1",2.42115545891574
"CAGGTGCAGGCATGTG-1",0
"CAGGTGCCAGGAACGT-1",0
"CAGGTGCCATAGTAAG-1",1.45565972513391
"CAGGTGCCATCGGAAG-1",0
"CAGGTGCTCAGTTGAC-1",1.77365793827803
"CAGGTGCTCCAAGTAC-1",0
"CAGGTGCTCTTGTATC-1",3.90254129691314
"CAGTAACAGATATGGT-1",1.84403241487607
"CAGTAACAGATGGCGT-1",0
"CAGTAACCAATCACAC-1",0
"CAGTAACCACTCGACG-1",1.56369446183241
"CAGTAACGTGATAAGT-1",1.79593833030302
"CAGTAACGTGCACCAC-1",0
"CAGTAACTCAGAGGTG-1",0
"CAGTAACTCGTACGGC-1",0
"CAGTAACTCGTGACAT-1",3.11573053531331
"CAGTAACTCTGCCAGG-1",0
"CAGTCCTAGAATCTCC-1",3.60921508393703
"CAGTCCTAGATCTGCT-1",1.50411628685348
"CAGTCCTCAGTATAAG-1",0
"CAGTCCTTCAACACGT-1",0
"CAGTCCTTCCATGAGT-1",1.83512693114287
"CAGTCCTTCCCGACTT-1",1.75918329879344
"CAGTCCTTCCCTTGTG-1",0
"CAGTCCTTCGAACGGA-1",1.38143907613828
"CAGTCCTTCGGTTCGG-1",0
"CAGTCCTTCTACTTAC-1",1.91649626384902
"CATATGGAGAGATGAG-1",4.2038558400803
"CATATGGAGGCATGGT-1",1.69568501583596
"CATATGGAGTATTGGA-1",1.68058951233203
"CATATGGCAAGCGTAG-1",0
"CATATGGGTCGCATAT-1",1.89361497818834
"CATATGGTCATTATCC-1",0
"CATATGGTCATTGCGA-1",2.38616016791626
"CATATTCCACCACCAG-1",2.01629094581711
"CATATTCGTGACTACT-1",2.90348846782357
"CATATTCGTGGTACAG-1",0
"CATATTCGTGTGACGA-1",0
"CATATTCTCACAGGCC-1",1.48138821445583
"CATATTCTCGCAAACT-1",0
"CATCAAGAGAACTCGG-1",0
"CATCAAGAGATGGCGT-1",0
"CATCAAGAGCCGCCTA-1",0
"CATCAAGCACGAAACG-1",1.68058951233203
"CATCAAGCAGCCTTTC-1",0
"CATCAAGCATGGAATA-1",1.59896079460985
"CATCAAGGTTACTGAC-1",1.68130087784479
"CATCAAGGTTCCATGA-1",0
"CATCAAGTCTAAGCCA-1",2.244830820355
"CATCAAGTCTGACCTC-1",0
"CATCAGAAGCTAGTCT-1",0
"CATCAGACAAGCCATT-1",0
"CATCAGACAATGACCT-1",2.52298088892371
"CATCAGACACGGCCAT-1",0
"CATCAGACAGACAGGT-1",1.24162561788252
"CATCAGACATAACCTG-1",0
"CATCAGAGTAATTGGA-1",0
"CATCAGAGTACATGTC-1",1.83512693114287
"CATCAGAGTGTTAAGA-1",2.60966224193145
"CATCAGAGTTCAACCA-1",2.84700354163464
"CATCAGATCGTTGACA-1",0
"CATCCACGTAAAGTCA-1",0
"CATCCACGTACCGTAT-1",0
"CATCCACGTGCCTGTG-1",0.899236510835915
"CATCCACGTTTAAGCC-1",0
"CATCGAAAGAGTACAT-1",2.41804046101533
"CATCGAAAGCTGTCTA-1",2.84700354163464
"CATCGAACAAGAGGCT-1",0
"CATCGAACAAGCTGAG-1",4.2038558400803
"CATCGAACACATTTCT-1",1.83159513585076
"CATCGAACATAAAGGT-1",3.27955030694188
"CATCGAAGTAGTACCT-1",0
"CATCGAAGTCCGACGT-1",1.81457883111854
"CATCGAAGTGCACTTA-1",1.52458668064213
"CATCGAATCAAACCAC-1",1.76920366368494
"CATCGAATCCGCGGTA-1",2.14626690973484
"CATCGAATCCGTAGTA-1",5.10863985638749
"CATCGGGAGAAGCCCA-1",1.64390993462428
"CATCGGGAGCGAGAAA-1",0
"CATCGGGAGGGTGTGT-1",0
"CATCGGGAGGTGTTAA-1",0
"CATCGGGAGTGACTCT-1",0
"CATCGGGCACTCAGGC-1",2.42115545891574
"CATCGGGCAGACGCTC-1",1.81376069513352
"CATCGGGCATCACAAC-1",0
"CATCGGGGTCCTCTTG-1",1.20474335530799
"CATCGGGGTGAGGGAG-1",0
"CATCGGGGTTCGAATC-1",2.60966224193145
"CATCGGGTCAGGATCT-1",1.83512693114287
"CATCGGGTCCACGAAT-1",2.78628821373635
"CATCGGGTCGATGAGG-1",3.49252870942167
"CATGACAAGACCACGA-1",0
"CATGACAAGCTCCTCT-1",1.0764471048401
"CATGACAAGTAACCCT-1",1.38143907613828
"CATGACAAGTATCTCG-1",3.11573053531331
"CATGACAGTCGTCTTC-1",2.52298088892371
"CATGACAGTGAACCTT-1",1.40673748343183
"CATGACATCAATAAGG-1",5.10863985638749
"CATGACATCTAACTGG-1",1.70852199121254
"CATGCCTAGACCTAGG-1",0
"CATGCCTAGAGTCTGG-1",0
"CATGCCTCACCACCAG-1",0
"CATGCCTGTCAAAGCG-1",0
"CATGCCTGTCGATTGT-1",3.45358123491796
"CATGCCTTCCACGACG-1",1.90862732886202
"CATGCCTTCCTCATTA-1",0
"CATGCCTTCGCATGAT-1",0
"CATGGCGAGAGCTGGT-1",3.87562288872671
"CATGGCGAGTACGACG-1",0
"CATGGCGTCCAAAGTC-1",1.35141006662396
"CATGGCGTCCCTTGTG-1",1.89601581014423
"CATGGCGTCGGCCGAT-1",0
"CATGGCGTCTCAAACG-1",1.75918329879344
"CATGGCGTCTGCCCTA-1",0
"CATTATCAGACCCACC-1",0
"CATTATCAGTCCCACG-1",0
"CATTATCCAAGTCTGT-1",1.20474335530799
"CATTATCCAGGGCATA-1",0
"CATTATCGTCAATGTC-1",1.69206070452363
"CATTATCTCACAAACC-1",1.76920366368494
"CATTATCTCAGATAAG-1",3.06726614733138
"CATTATCTCGCGTTTC-1",0
"CATTATCTCGTTGCCT-1",0.944234683245289
"CATTATCTCTATCCCG-1",3.90254129691314
"CATTATCTCTTAACCT-1",1.75918329879344
"CATTCGCAGGTGCTAG-1",0
"CATTCGCCAAGGGTCA-1",1.58678831255995
"CATTCGCCAGCCTATA-1",0
"CATTCGCCATACAGCT-1",0
"CATTCGCCATGGATGG-1",0
"CATTCGCCATGTCTCC-1",0
"CATTCGCCATTCACTT-1",2.84700354163464
"CATTCGCGTAGCACGA-1",1.89601581014423
"CATTCGCTCATCACCC-1",1.85304836424335
"CCAATCCAGACCACGA-1",0
"CCAATCCAGATATGGT-1",1.38143907613828
"CCAATCCAGTCGAGTG-1",0
"CCAATCCAGTCGTTTG-1",1.78306268190063
"CCAATCCAGTTTAGGA-1",0
"CCAATCCCAAGCGAGT-1",1.56369446183241
"CCAATCCTCGGACAAG-1",0
"CCACCTAAGGATGGTC-1",1.40673748343183
"CCACCTAAGTCGAGTG-1",0
"CCACCTAAGTGGGATC-1",0
"CCACCTAAGTGTGGCA-1",0
"CCACCTACAACAACCT-1",2.27089805024348
"CCACCTACAAGCCGCT-1",0
"CCACCTACAATCTACG-1",3.50475406127196
"CCACCTAGTAGTACCT-1",1.75918329879344
"CCACCTAGTCGCGTGT-1",3.11573053531331
"CCACCTAGTGGGTCAA-1",0
"CCACCTATCAGTTGAC-1",1.81376069513352
"CCACCTATCTGATACG-1",1.89361497818834
"CCACGGAAGGGAACGG-1",0
"CCACGGACATGTCGAT-1",0
"CCACGGAGTAAGGGCT-1",1.79635756285368
"CCACGGAGTCAGATAA-1",0
"CCACGGAGTCCGTGAC-1",2.41804046101533
"CCACGGAGTGTAATGA-1",0
"CCACGGAGTTCTGAAC-1",1.24162561788252
"CCACGGATCACATAGC-1",1.84403241487607
"CCACGGATCCACGTGG-1",1.83159513585076
"CCACGGATCTACTATC-1",0
"CCACGGATCTAGAGTC-1",0
"CCACTACAGAGTACCG-1",0
"CCACTACAGCTTTGGT-1",3.90254129691314
"CCACTACCAGCAGTTT-1",0
"CCACTACCAGTAGAGC-1",0
"CCACTACGTCCGAATT-1",3.14432637501743
"CCACTACGTCTCAACA-1",1.81457883111854
"CCACTACGTGACAAAT-1",3.34388249035626
"CCACTACGTGACCAAG-1",0
"CCACTACGTGCACGAA-1",2.03862302633411
"CCACTACTCACTCTTA-1",0
"CCACTACTCCGCATCT-1",1.50411628685348
"CCACTACTCGGAAATA-1",4.81070191534165
"CCACTACTCTCGTATT-1",0
"CCACTACTCTCGTTTA-1",0
"CCAGCGAAGCCCAACC-1",0
"CCAGCGACATCGGGTC-1",0
"CCAGCGACATGTCCTC-1",0
"CCAGCGAGTAGGCATG-1",0
"CCAGCGAGTCCGTTAA-1",6.8989974523604
"CCAGCGATCAGAAATG-1",0
"CCATGTCAGCGATCCC-1",0
"CCATGTCAGGTCGGAT-1",0
"CCATGTCAGGTTACCT-1",0
"CCATGTCCAAGCTGGA-1",3.14432637501743
"CCATGTCCACATCCGG-1",0
"CCATGTCGTCCAGTAT-1",0
"CCATGTCTCCAAGTAC-1",0
"CCATGTCTCTTGTATC-1",0
"CCATTCGCAGTACACT-1",0.992754634691762
"CCATTCGCAGTTTACG-1",0
"CCATTCGGTAATCGTC-1",0
"CCATTCGGTATTACCG-1",2.78132072999557
"CCCAATCAGTCACGCC-1",2.244830820355
"CCCAATCCAGGTGGAT-1",0
"CCCAATCGTGAAGGCT-1",1.90862732886202
"CCCAATCGTTGGAGGT-1",0
"CCCAATCTCACATGCA-1",2.01629094581711
"CCCAATCTCCAGTATG-1",0
"CCCAATCTCGGAGCAA-1",0
"CCCAGTTAGAATAGGG-1",0
"CCCAGTTAGATCCCGC-1",0
"CCCAGTTAGCGTGAAC-1",0
"CCCAGTTAGGAATCGC-1",0
"CCCAGTTAGTCCGGTC-1",1.20474335530799
"CCCAGTTAGTTTGCGT-1",0
"CCCAGTTGTACATGTC-1",0
"CCCAGTTGTCTGCAAT-1",1.41470318139231
"CCCAGTTTCTGAAAGA-1",3.76207093446707
"CCCATACAGGGTTCCC-1",0
"CCCATACAGTGTTTGC-1",1.77365793827803
"CCCATACCAAAGGTGC-1",0
"CCCATACCAACACCCG-1",0
"CCCATACCAGCAGTTT-1",0
"CCCATACGTATTACCG-1",3.60781994502337
"CCCATACGTCAATACC-1",0
"CCCATACGTCTAGTCA-1",0
"CCCATACGTTGAGTTC-1",1.94676778204099
"CCCATACTCAATAAGG-1",0
"CCCATACTCAGCGACC-1",0
"CCCATACTCATCACCC-1",1.42709102283036
"CCCATACTCCGTAGGC-1",5.75542193920835
"CCCTCCTAGGAATCGC-1",0.899236510835915
"CCCTCCTCAGCTTAAC-1",1.6609657208989
"CCCTCCTCATATGAGA-1",0
"CCCTCCTCATCACGTA-1",1.66651521998421
"CCCTCCTGTATGGTTC-1",0
"CCCTCCTGTTAGATGA-1",0
"CCCTCCTTCAATCACG-1",1.78141811543332
"CCCTCCTTCCGCAGTG-1",1.50411628685348
"CCGGGATAGCTTCGCG-1",0
"CCGGGATAGGCGACAT-1",1.90423745265475
"CCGGGATAGGCTAGGT-1",0
"CCGGGATCACAGTCGC-1",0
"CCGGGATGTATAGGTA-1",0.983545680701279
"CCGGGATTCAGAGCTT-1",0
"CCGGGATTCGCTAGCG-1",5.73525471045408
"CCGGGATTCGCTTGTC-1",0
"CCGGTAGAGCGTCTAT-1",0
"CCGGTAGAGTACGCCC-1",0
"CCGGTAGCACATAACC-1",0
"CCGGTAGCACGCATCG-1",3.31900595340568
"CCGGTAGGTACTTCTT-1",6.06023422755885
"CCGGTAGGTCAAACTC-1",0
"CCGGTAGTCGTCCGTT-1",0
"CCGTACTAGAGAACAG-1",1.59550481813018
"CCGTACTAGTCCGTAT-1",1.42709102283036
"CCGTACTCAAGCCCAC-1",1.81457883111854
"CCGTACTCAAGCGAGT-1",0
"CCGTACTCATCCCACT-1",0
"CCGTACTGTACAGCAG-1",0
"CCGTACTGTGCGGTAA-1",2.0952636775549
"CCGTACTTCGTTACAG-1",1.42709102283036
"CCGTGGAAGACGCACA-1",0
"CCGTGGAAGAGTTGGC-1",2.063420415282
"CCGTGGAAGGTGATAT-1",0
"CCGTGGAAGGTTCCTA-1",1.26650242824608
"CCGTGGACAGCCTTGG-1",0
"CCGTGGAGTTCCATGA-1",0
"CCGTGGATCTAACTTC-1",1.90423745265475
"CCGTTCAAGCGTAATA-1",0
"CCGTTCAAGTACGATA-1",0
"CCGTTCAAGTAGATGT-1",0
"CCGTTCACAGGATCGA-1",0
"CCGTTCAGTATAGGGC-1",0
"CCGTTCAGTCGCGAAA-1",0
"CCGTTCATCGTACCGG-1",0
"CCTAAAGAGAGTTGGC-1",0
"CCTAAAGCAAACCTAC-1",1.89601581014423
"CCTAAAGCATGTCTCC-1",0
"CCTAAAGGTACTCAAC-1",0
"CCTAAAGGTCGGCACT-1",0
"CCTAAAGGTGTAATGA-1",0
"CCTAAAGTCACCGTAA-1",1.69568501583596
"CCTAAAGTCAGCGATT-1",0
"CCTAAAGTCGGCGCTA-1",0
"CCTAAAGTCGGTCCGA-1",1.83512693114287
"CCTACACAGGACCACA-1",0
"CCTACACAGGGTGTTG-1",0
"CCTACACCAGTAAGAT-1",0
"CCTACACGTATAGTAG-1",1.59550481813018
"CCTACACGTCCGAACC-1",0
"CCTACACGTGGGTCAA-1",0
"CCTACACGTTTGACTG-1",0
"CCTACACTCGGCGCTA-1",3.90254129691314
"CCTACACTCGTGACAT-1",2.24190447418612
"CCTACCAAGATAGGAG-1",0
"CCTACCAAGCAAATCA-1",0
"CCTACCAAGCGTAGTG-1",0
"CCTACCAAGTGCGATG-1",0
"CCTACCAGTATCAGTC-1",1.81376069513352
"CCTACCAGTCTCTCTG-1",1.78141811543332
"CCTACCAGTCTTTCAT-1",0
"CCTACCATCAGCACAT-1",0
"CCTACCATCGCCAGCA-1",0
"CCTAGCTAGCAAATCA-1",2.78628821373635
"CCTAGCTAGCTCCTCT-1",3.14432637501743
"CCTAGCTAGGTTACCT-1",0
"CCTAGCTAGTACGCGA-1",2.27089805024348
"CCTAGCTCAATGAATG-1",0
"CCTAGCTCAATGGTCT-1",1.79593833030302
"CCTAGCTCACATCCAA-1",2.27089805024348
"CCTAGCTCAGCCAGAA-1",0
"CCTAGCTGTAGAAAGG-1",0
"CCTAGCTGTCACCCAG-1",1.84403241487607
"CCTAGCTGTCTGATTG-1",0
"CCTAGCTTCACGATGT-1",0
"CCTAGCTTCGTAGGAG-1",1.66651521998421
"CCTATTAAGAATTCCC-1",0
"CCTATTAAGCAGGCTA-1",1.53564386274411
"CCTATTAAGCAGGTCA-1",3.14432637501743
"CCTATTAAGGGAGTAA-1",3.07932305313449
"CCTATTAAGGTAGCCA-1",0
"CCTATTACACAACTGT-1",0
"CCTATTACACATCCGG-1",0
"CCTATTAGTCAATACC-1",0
"CCTATTATCATCACCC-1",1.5024849469806
"CCTATTATCTGCGACG-1",1.20474335530799
"CCTCAGTAGCTAACTC-1",0
"CCTCAGTCAGGTGGAT-1",1.69568501583596
"CCTCAGTGTCCATCCT-1",1.20229542065056
"CCTCAGTGTCCGACGT-1",0
"CCTCAGTGTCTTGTCC-1",0
"CCTCAGTGTGGGTATG-1",1.42709102283036
"CCTCTGAAGTATCGAA-1",0
"CCTCTGAAGTGGGTTG-1",0
"CCTCTGACAAGCTGTT-1",1.84897736262192
"CCTCTGACACCGATAT-1",1.53564386274411
"CCTCTGACAGATGAGC-1",4.68486739501976
"CCTCTGAGTCAATACC-1",0
"CCTCTGAGTCCGAACC-1",0
"CCTCTGAGTCGTGGCT-1",1.48878528643126
"CCTCTGAGTCTGATTG-1",0
"CCTTACGCAAGCGTAG-1",1.58678831255995
"CCTTACGCACCAACCG-1",1.0764471048401
"CCTTACGGTCATCCCT-1",0
"CCTTACGGTCCTCTTG-1",3.70718599389871
"CCTTACGTCACAACGT-1",1.89361497818834
"CCTTACGTCATCTGCC-1",0
"CCTTACGTCGGAGGTA-1",1.79593833030302
"CCTTCCCAGAGACTAT-1",0
"CCTTCCCAGCTAGGCA-1",0
"CCTTCCCAGGACGAAA-1",0
"CCTTCCCAGGGCATGT-1",0
"CCTTCCCAGGTACTCT-1",4.2038558400803
"CCTTCCCCATGATCCA-1",2.52298088892371
"CCTTCCCTCAAGGCTT-1",1.55010236289611
"CCTTCCCTCTATCCTA-1",1.81033167280907
"CCTTCCCTCTATCGCC-1",0
"CCTTCGAAGGCGCTCT-1",0
"CCTTCGACAACACCCG-1",0
"CCTTCGACAGCGATCC-1",0
"CCTTCGAGTAAGCACG-1",0
"CCTTCGAGTCCATGAT-1",0
"CCTTCGAGTGTGACCC-1",1.24162561788252
"CCTTCGAGTTGGTGGA-1",0
"CCTTCGATCACAGTAC-1",1.40673748343183
"CCTTCGATCCTATGTT-1",0
"CCTTCGATCGCACTCT-1",1.35141006662396
"CCTTTCTAGACGCTTT-1",4.53043371670562
"CCTTTCTAGGGCACTA-1",0
"CCTTTCTAGTGGAGTC-1",1.7391728066723
"CCTTTCTCAGACAAGC-1",0
"CCTTTCTCATCACGAT-1",0
"CCTTTCTCATGCCCGA-1",0
"CCTTTCTTCCCACTTG-1",0
"CCTTTCTTCTTTACGT-1",1.84897736262192
"CGAACATCACATGACT-1",5.75542193920835
"CGAACATCACTTGGAT-1",2.03862302633411
"CGAACATCAGTCCTTC-1",0
"CGAACATGTCTGATTG-1",1.64390993462428
"CGAACATGTGCTGTAT-1",0
"CGAACATTCTCAAACG-1",3.45358123491796
"CGAATGTAGAGGTTAT-1",0
"CGAATGTAGCGATAGC-1",2.0952636775549
"CGAATGTAGTTCGCAT-1",3.225461650639
"CGAATGTCAATGCCAT-1",0
"CGAATGTGTCTAGTCA-1",0
"CGAATGTGTCTCACCT-1",0
"CGAATGTTCAACACAC-1",0
"CGAATGTTCATCACCC-1",0
"CGAATGTTCTGTACGA-1",0
"CGACCTTAGCTACCGC-1",0
"CGACCTTAGCTAGTCT-1",1.78306268190063
"CGACCTTCAAAGTGCG-1",2.19536866753685
"CGACCTTCACGAAATA-1",0
"CGACCTTGTAAGTGTA-1",3.225461650639
"CGACCTTGTCAGAATA-1",1.59550481813018
"CGACCTTGTCTCCCTA-1",0
"CGACCTTGTCTCTTAT-1",0
"CGACCTTTCCGCGTTT-1",1.87281826504998
"CGACCTTTCGTTTATC-1",0
"CGACCTTTCTCCAGGG-1",0
"CGACTTCAGACACGAC-1",5.75542193920835
"CGACTTCAGGTAGCCA-1",1.90423745265475
"CGACTTCAGTCTTGCA-1",2.244830820355
"CGACTTCCAATGGACG-1",3.14432637501743
"CGACTTCGTGGTGTAG-1",0
"CGACTTCGTTGAGTTC-1",0
"CGACTTCTCACTTACT-1",1.26485763368178
"CGACTTCTCTCGCTTG-1",3.76207093446707
"CGAGAAGAGAAACGCC-1",0
"CGAGAAGAGCCAACAG-1",0
"CGAGAAGAGCGTGTCC-1",1.85968999653767
"CGAGAAGCAAGTTCTG-1",1.90862732886202
"CGAGAAGCACATCCGG-1",0
"CGAGAAGCAGGCTGAA-1",1.81457883111854
"CGAGAAGTCGGATGGA-1",0
"CGAGCACAGCCAGAAC-1",1.85304836424335
"CGAGCACCACATGTGT-1",1.64390993462428
"CGAGCACGTAGCGTCC-1",0
"CGAGCACGTAGCGTGA-1",5.75542193920835
"CGAGCACGTCAGATAA-1",0
"CGAGCACGTGCCTTGG-1",3.34388249035626
"CGAGCACTCCCGGATG-1",1.76920366368494
"CGAGCACTCCGCTGTT-1",1.64390993462428
"CGAGCACTCGTGACAT-1",2.27089805024348
"CGAGCCAAGCTAGCCC-1",0
"CGAGCCAGTATATCCG-1",0
"CGAGCCAGTCAAGCGA-1",0
"CGATCGGAGAGCCTAG-1",2.41804046101533
"CGATCGGAGTACGATA-1",0
"CGATCGGCAAACGCGA-1",0
"CGATCGGCAAGCGATG-1",0
"CGATCGGCAATACGCT-1",2.27089805024348
"CGATCGGCAGTTAACC-1",0
"CGATCGGCATACTCTT-1",0
"CGATCGGGTCGACTGC-1",1.66651521998421
"CGATCGGTCAACGGGA-1",3.90254129691314
"CGATCGGTCTAGCACA-1",1.69206070452363
"CGATGGCAGCCGTCGT-1",0
"CGATGGCAGTCCAGGA-1",0
"CGATGGCCACTTAACG-1",4.93310725381516
"CGATGGCCAGCGTAAG-1",0
"CGATGGCCATCATCCC-1",1.79593833030302
"CGATGGCTCCTAGAAC-1",1.90423745265475
"CGATGGCTCGCTAGCG-1",1.62138413570584
"CGATGGCTCTGACCTC-1",0
"CGATGTAAGGCAATTA-1",1.15214382108101
"CGATGTAAGTTTGCGT-1",1.89361497818834
"CGATGTACACAGGCCT-1",0
"CGATGTACAGGTCTCG-1",1.73724132094828
"CGATGTAGTCCAGTGC-1",0
"CGATGTAGTCTAGGTT-1",1.84001142025209
"CGATGTAGTGTGCCTG-1",1.81033167280907
"CGATGTAGTTTGCATG-1",1.75918329879344
"CGATTGAAGATGTGGC-1",1.83159513585076
"CGATTGACAGACGCAA-1",0
"CGATTGAGTATGGTTC-1",1.20229542065056
"CGATTGAGTTCAGACT-1",0
"CGATTGATCATGGTCA-1",2.78628821373635
"CGATTGATCTGCGGCA-1",0
"CGCCAAGAGAATGTTG-1",0
"CGCCAAGAGACCTTTG-1",1.84897736262192
"CGCCAAGAGATCGGGT-1",2.78132072999557
"CGCCAAGAGATCTGAA-1",1.69206070452363
"CGCCAAGAGCGTGTCC-1",1.72084710114249
"CGCCAAGGTCTAGGTT-1",1.87281826504998
"CGCCAAGTCAGGATCT-1",1.20229542065056
"CGCCAAGTCCACTCCA-1",0
"CGCCAAGTCTTGTTTG-1",0
"CGCGGTAAGCTAGCCC-1",1.62138413570584
"CGCGGTAAGGGTTCCC-1",5.10863985638749
"CGCGGTACAAACTGCT-1",0
"CGCGGTACAATGGAAT-1",1.6609657208989
"CGCGGTACAGCTGTTA-1",0
"CGCGGTAGTCAAGCGA-1",2.60966224193145
"CGCGGTAGTGAGGCTA-1",0
"CGCGGTAGTTTGCATG-1",1.78306268190063
"CGCGTTTAGTTATCGC-1",0
"CGCGTTTCAACAACCT-1",0
"CGCGTTTCAAGCGAGT-1",0
"CGCGTTTCAATGGACG-1",0
"CGCGTTTCACGGTGTC-1",0
"CGCGTTTGTGCTGTAT-1",1.64088498456524
"CGCGTTTGTGGACGAT-1",2.78132072999557
"CGCGTTTTCAAACCGT-1",1.87281826504998
"CGCGTTTTCAGCCTAA-1",1.50411628685348
"CGCGTTTTCCTATGTT-1",0
"CGCGTTTTCGTGGTCG-1",1.21182298683557
"CGCTATCAGAAACCGC-1",0
"CGCTATCAGTCATCCA-1",0
"CGCTATCCAAGCGAGT-1",0
"CGCTATCCAGTCGATT-1",0
"CGCTATCCATCGACGC-1",2.78031570370713
"CGCTATCCATTTCAGG-1",3.06726614733138
"CGCTATCGTACCGAGA-1",1.59959109262016
"CGCTATCGTTCGAATC-1",2.78031570370713
"CGCTATCGTTTCGCTC-1",1.38143907613828
"CGCTATCTCGTTACAG-1",0
"CGCTGGAAGGACATTA-1",1.79635756285368
"CGCTGGAAGGGCACTA-1",1.88125508953146
"CGCTGGAAGGTGATAT-1",1.50930994415174
"CGCTGGACAGACTCGC-1",0
"CGCTGGAGTGTAATGA-1",0
"CGCTGGAGTTCTGGTA-1",4.93310725381516
"CGCTGGATCCGAAGAG-1",0
"CGCTGGATCCGTTGCT-1",0
"CGCTGGATCGTAGGAG-1",3.76207093446707
"CGCTGGATCGTTACAG-1",1.64390993462428
"CGCTTCAAGAAGGGTA-1",1.45565972513391
"CGCTTCAAGGTCGGAT-1",0
"CGCTTCACACGGTGTC-1",0
"CGCTTCACAGACAAGC-1",3.06726614733138
"CGCTTCACATCACCCT-1",1.26485763368178
"CGCTTCAGTCGCGGTT-1",1.26650242824608
"CGCTTCATCTTAGAGC-1",1.04413588534703
"CGGACACAGCGATATA-1",0
"CGGACACAGCGATGAC-1",0
"CGGACACAGCTTCGCG-1",1.87281826504998
"CGGACACAGGTAAACT-1",0
"CGGACACAGTAGCCGA-1",0
"CGGACACCACAGGAGT-1",2.14626690973484
"CGGACACCATTCACTT-1",1.50411628685348
"CGGACACGTGAGCGAT-1",1.68130087784479
"CGGACACGTGCTCTTC-1",0
"CGGACACGTGTGACCC-1",0
"CGGACGTAGGTTACCT-1",1.5024849469806
"CGGACGTCATGGGACA-1",2.19536866753685
"CGGACGTGTGAAAGAG-1",0
"CGGACGTGTTGGTAAA-1",0
"CGGACGTTCATGTGGT-1",0
"CGGACGTTCTGTCCGT-1",0
"CGGACTGAGGAGCGAG-1",1.20229542065056
"CGGACTGAGGAGTCTG-1",0
"CGGACTGAGTGGTAGC-1",0
"CGGACTGCAACTTGAC-1",3.12432122554386
"CGGACTGCAATGACCT-1",2.27089805024348
"CGGACTGCACAACGTT-1",0
"CGGACTGCACGCCAGT-1",0
"CGGACTGCAGTATGCT-1",0
"CGGACTGGTAAAGGAG-1",0
"CGGACTGGTATAAACG-1",3.53863732233988
"CGGACTGGTGTAAGTA-1",0
"CGGACTGGTGTGGTTT-1",0
"CGGACTGGTTGACGTT-1",1.88125508953146
"CGGACTGTCCATGCTC-1",1.48138821445583
"CGGACTGTCCGTCAAA-1",0
"CGGACTGTCGTTTGCC-1",0
"CGGAGCTAGTTTAGGA-1",1.69568501583596
"CGGAGCTGTAGAAAGG-1",0
"CGGAGCTTCACTTATC-1",0
"CGGAGCTTCATGTAGC-1",1.72084710114249
"CGGAGCTTCCACGAAT-1",0
"CGGAGTCAGTGCGATG-1",2.78132072999557
"CGGAGTCAGTGTGAAT-1",4.2038558400803
"CGGAGTCCAGTGGGAT-1",0
"CGGAGTCCATTATCTC-1",0
"CGGAGTCGTAGCTGCC-1",0
"CGGAGTCGTGTTCGAT-1",0
"CGGAGTCTCCCAGGTG-1",0
"CGGAGTCTCCGTAGTA-1",0
"CGGCTAGAGAAACGCC-1",1.72084710114249
"CGGCTAGAGCACCGTC-1",0
"CGGCTAGAGCTAAACA-1",0
"CGGCTAGCAGACAAAT-1",3.90254129691314
"CGGCTAGGTAACGCGA-1",1.84403241487607
"CGGCTAGGTTCATGGT-1",1.69568501583596
"CGGCTAGTCAAAGACA-1",1.78306268190063
"CGGCTAGTCGTGGGAA-1",3.59364291746862
"CGGCTAGTCTTGTTTG-1",0
"CGGGTCAAGAGTCGGT-1",1.26485763368178
"CGGGTCAAGCACACAG-1",1.79593833030302
"CGGGTCAAGCTAACTC-1",0
"CGGGTCAAGGACACCA-1",2.03862302633411
"CGGGTCAAGTATGACA-1",1.16473445044374
"CGGGTCACAATGACCT-1",0
"CGGGTCACACCGAAAG-1",1.50411628685348
"CGGGTCACAGCCACCA-1",0
"CGGGTCACATACAGCT-1",0
"CGGGTCACATCCTTGC-1",1.72084710114249
"CGGGTCAGTAGCGCTC-1",1.52458668064213
"CGGGTCAGTCGATTGT-1",1.83512693114287
"CGGGTCAGTGCAACTT-1",0
"CGGGTCAGTTGTTTGG-1",0
"CGGGTCATCAACACCA-1",2.09456049715953
"CGGGTCATCACCTTAT-1",1.16625372558609
"CGGGTCATCCACGACG-1",0
"CGGTTAACAGGACCCT-1",0
"CGGTTAACATGTCCTC-1",2.0952636775549
"CGGTTAACATTCCTGC-1",0
"CGGTTAAGTCGACTGC-1",0
"CGGTTAATCCGGCACA-1",0
"CGGTTAATCCTTTCGG-1",3.50475406127196
"CGGTTAATCTTATCTG-1",1.58678831255995
"CGTAGCGAGATGTAAC-1",3.34388249035626
"CGTAGCGAGGCAATTA-1",0
"CGTAGCGCAAGCGCTC-1",0
"CGTAGCGTCCAACCAA-1",1.79051056185953
"CGTAGCGTCGGCGGTT-1",0
"CGTAGGCAGGGCTCTC-1",0
"CGTAGGCCAAGCGATG-1",1.52458668064213
"CGTAGGCCACTAAGTC-1",1.82895755035911
"CGTAGGCCAGAGTGTG-1",0
"CGTAGGCCATCCCATC-1",2.09456049715953
"CGTAGGCGTATTAGCC-1",0
"CGTAGGCGTCAATACC-1",0
"CGTAGGCGTGGCGAAT-1",0
"CGTAGGCTCCAGAAGG-1",0
"CGTCACTAGTCATGCT-1",0
"CGTCACTCAAAGCGGT-1",4.05902129480002
"CGTCACTCAGGTCCAC-1",1.69568501583596
"CGTCACTCAGTCACTA-1",1.24162561788252
"CGTCACTTCCTTGACC-1",1.89601581014423
"CGTCACTTCGGTGTTA-1",0
"CGTCACTTCTGTGCAA-1",3.34388249035626
"CGTCACTTCTTGAGAC-1",0
"CGTCAGGAGCTGTTCA-1",1.24162561788252
"CGTCAGGCAAAGCAAT-1",0
"CGTCAGGCAAAGCGGT-1",3.76207093446707
"CGTCAGGCAACACGCC-1",1.91649626384902
"CGTCAGGCATCCGCGA-1",0
"CGTCAGGGTCAGCTAT-1",3.50475406127196
"CGTCAGGGTCGTTGTA-1",0
"CGTCAGGGTGTAAGTA-1",0
"CGTCAGGTCCACTGGG-1",0
"CGTCAGGTCGACAGCC-1",0
"CGTCAGGTCGGGAGTA-1",1.52458668064213
"CGTCCATAGACCACGA-1",1.70852199121254
"CGTCCATAGCGATTCT-1",0
"CGTCCATAGGCTATCT-1",3.2239136027817
"CGTCCATAGTCTCAAC-1",0
"CGTCCATCACGACTCG-1",0
"CGTCCATCATTCACTT-1",0
"CGTCCATGTCTAGCGC-1",0
"CGTCCATGTGATAAAC-1",1.41470318139231
"CGTCCATGTTTGGGCC-1",3.50475406127196
"CGTCCATGTTTGTGTG-1",1.88125508953146
"CGTCCATTCAACACCA-1",1.42709102283036
"CGTCCATTCATTCACT-1",0
"CGTCTACAGTGCGTGA-1",1.83159513585076
"CGTCTACGTAGTAGTA-1",2.01629094581711
"CGTCTACTCGAGCCCA-1",1.83512693114287
"CGTCTACTCGCCATAA-1",1.75918329879344
"CGTCTACTCGGCCGAT-1",1.41470318139231
"CGTCTACTCGTCCAGG-1",0
"CGTGAGCAGATCTGAA-1",1.68058951233203
"CGTGAGCAGCAATCTC-1",1.84897736262192
"CGTGAGCAGCGGATCA-1",1.59896079460985
"CGTGAGCAGCTAGTGG-1",1.26650242824608
"CGTGAGCAGCTTCGCG-1",1.81033167280907
"CGTGAGCAGGGCACTA-1",0
"CGTGAGCAGGGTGTGT-1",2.0952636775549
"CGTGAGCAGTGGAGAA-1",2.90772493528414
"CGTGAGCCAAGCCGCT-1",1.48138821445583
"CGTGAGCCACGTAAGG-1",0
"CGTGAGCCATACGCCG-1",5.73525471045408
"CGTGAGCGTAGATTAG-1",1.89361497818834
"CGTGAGCGTCTCTTAT-1",1.65477614282002
"CGTGAGCTCACAAACC-1",1.62694524888205
"CGTGAGCTCCAAATGC-1",0
"CGTGAGCTCCGAGCCA-1",2.42115545891574
"CGTGAGCTCGTTGCCT-1",1.79593833030302
"CGTGAGCTCTGGGCCA-1",0
"CGTGTAAAGATAGTCA-1",3.90254129691314
"CGTGTAAAGGTGTTAA-1",0
"CGTGTAAAGTACATGA-1",0
"CGTGTAACATGGGACA-1",0
"CGTGTAAGTGTCTGAT-1",0
"CGTGTAATCTACTATC-1",2.78628821373635
"CGTGTAATCTCGATGA-1",4.35445535714769
"CGTGTAATCTTTAGTC-1",2.38616016791626
"CGTGTCTAGGCGCTCT-1",0
"CGTGTCTAGGGATGGG-1",0.944234683245289
"CGTGTCTCAGACAAAT-1",0
"CGTGTCTCAGACACTT-1",1.64088498456524
"CGTGTCTGTAAGAGGA-1",0
"CGTGTCTGTATATGAG-1",0
"CGTGTCTGTCAAAGCG-1",1.89601581014423
"CGTGTCTGTTCCGTCT-1",0
"CGTGTCTTCAATCACG-1",3.34388249035626
"CGTGTCTTCAGAGGTG-1",0
"CGTGTCTTCATAGCAC-1",0
"CGTGTCTTCCGAACGC-1",0
"CGTGTCTTCGGCATCG-1",0
"CGTGTCTTCGTGGACC-1",0
"CGTGTCTTCTACTTAC-1",1.84897736262192
"CGTGTCTTCTGAGTGT-1",1.38143907613828
"CGTTAGAAGATCTGAA-1",0
"CGTTAGAAGGCCCTTG-1",0
"CGTTAGACACGAAAGC-1",1.59550481813018
"CGTTAGACAGCTTCGG-1",0
"CGTTAGAGTTTAAGCC-1",3.225461650639
"CGTTAGATCACTTATC-1",0
"CGTTAGATCAGCCTAA-1",0
"CGTTCTGAGAAGGGTA-1",1.89601581014423
"CGTTCTGAGTGAACAT-1",0
"CGTTCTGCAGCTCGCA-1",2.42115545891574
"CGTTCTGCATTGGCGC-1",5.95792843815485
"CGTTCTGGTGAGGGTT-1",0
"CGTTCTGTCTGATTCT-1",1.42709102283036
"CGTTGGGAGCTAGTTC-1",1.20229542065056
"CGTTGGGAGGATGCGT-1",0
"CGTTGGGCACATTAGC-1",0
"CGTTGGGCAGACAGGT-1",0
"CGTTGGGGTTCCCGAG-1",6.06023422755885
"CGTTGGGTCATGCTCC-1",1.5024849469806
"CGTTGGGTCCATGAAC-1",0
"CGTTGGGTCTACCAGA-1",1.48138821445583
"CTAACTTAGTCCTCCT-1",0
"CTAACTTCAATAGCAA-1",3.53863732233988
"CTAACTTCAATCGGTT-1",0
"CTAACTTGTGAGGCTA-1",0
"CTAACTTTCGTACGGC-1",0
"CTAACTTTCTGGCGTG-1",1.42709102283036
"CTAAGACAGGGAAACA-1",1.84897736262192
"CTAAGACAGTACATGA-1",1.40673748343183
"CTAAGACAGTTCGCGC-1",0
"CTAAGACCAAGTAATG-1",0
"CTAAGACCAGTAAGAT-1",0
"CTAAGACCATGCAATC-1",1.89361497818834
"CTAAGACGTAAGGATT-1",1.89361497818834
"CTAAGACGTATCAGTC-1",0
"CTAAGACGTCACCTAA-1",2.81881149440358
"CTAAGACTCGTTGCCT-1",1.26650242824608
"CTAAGACTCTTACCGC-1",1.91649626384902
"CTAAGACTCTTGAGGT-1",5.73525471045408
"CTAATGGAGCAATCTC-1",0
"CTAATGGAGCGCTCCA-1",4.68486739501976
"CTAATGGAGCTCCCAG-1",2.78132072999557
"CTAATGGAGCTGAAAT-1",1.81457883111854
"CTAATGGAGTTAGGTA-1",1.78306268190063
"CTAATGGCATGGAATA-1",3.76207093446707
"CTAATGGGTACCGCTG-1",0
"CTAATGGGTCTAGCGC-1",0
"CTAATGGGTGAGGGAG-1",0
"CTAATGGGTTGGTGGA-1",0
"CTAATGGTCATGCTCC-1",3.59364291746862
"CTAATGGTCCACTGGG-1",1.69568501583596
"CTAATGGTCCGTTGCT-1",0
"CTAATGGTCCTAGAAC-1",1.59896079460985
"CTACACCAGTGCGATG-1",1.59896079460985
"CTACACCCACGGACAA-1",0
"CTACACCGTAATAGCA-1",0
"CTACACCGTCTGATTG-1",1.89601581014423
"CTACACCGTTCGTCTC-1",0
"CTACACCTCAGAAATG-1",1.78141811543332
"CTACACCTCGGCTTGG-1",1.48138821445583
"CTACACCTCGGTCCGA-1",0
"CTACACCTCTCGCATC-1",1.85968999653767
"CTACACCTCTCTGCTG-1",1.26485763368178
"CTACATTAGATCACGG-1",0
"CTACATTCACTCGACG-1",1.84403241487607
"CTACATTCATTTCACT-1",1.26485763368178
"CTACATTGTGATGATA-1",0
"CTACATTGTTCGAATC-1",0
"CTACATTTCAACGCTA-1",5.91206965904337
"CTACATTTCGCCATAA-1",0
"CTACATTTCTAGCACA-1",0
"CTACCCACACAGAGGT-1",4.2038558400803
"CTACCCACACGACGAA-1",0
"CTACCCACATGGTTGT-1",1.68130087784479
"CTACCCAGTATCTGCA-1",1.69206070452363
"CTACCCAGTATGAATG-1",0
"CTACCCAGTCAGAAGC-1",1.87281826504998
"CTACCCAGTGTGACCC-1",3.2239136027817
"CTACCCAGTTATGTGC-1",2.67404439459547
"CTACCCATCTACGAGT-1",1.84001142025209
"CTACGTCAGGTGCAAC-1",3.14432637501743
"CTACGTCAGTGCGATG-1",0
"CTACGTCAGTTGTCGT-1",1.49064817827631
"CTACGTCCATATACCG-1",0
"CTACGTCGTATATGGA-1",2.78031570370713
"CTACGTCGTGTGGTTT-1",0
"CTACGTCTCAAAGTAG-1",5.73525471045408
"CTACGTCTCACGACTA-1",0
"CTACGTCTCACGGTTA-1",0
"CTACGTCTCCTAGAAC-1",1.59550481813018
"CTAGAGTAGCTGTCTA-1",3.34388249035626
"CTAGAGTAGGATCGCA-1",1.62138413570584
"CTAGAGTAGTCCATAC-1",3.45358123491796
"CTAGAGTCACATTAGC-1",0
"CTAGAGTCAGTATGCT-1",2.19536866753685
"CTAGAGTCATACTCTT-1",3.34388249035626
"CTAGAGTCATGTAAGA-1",0
"CTAGAGTGTGACCAAG-1",0
"CTAGAGTTCAACACCA-1",1.57210853934006
"CTAGAGTTCCGTCAAA-1",2.78132072999557
"CTAGAGTTCCTAAGTG-1",1.6609657208989
"CTAGAGTTCGCCAGCA-1",0
"CTAGAGTTCGCTTAGA-1",3.34388249035626
"CTAGAGTTCGTGACAT-1",0
"CTAGAGTTCTGATTCT-1",4.35445535714769
"CTAGCCTCACCAGATT-1",1.84897736262192
"CTAGCCTGTATATCCG-1",0
"CTAGCCTGTGATGCCC-1",0
"CTAGCCTTCGGGAGTA-1",1.15214382108101
"CTAGTGAAGCTGGAAC-1",1.45565972513391
"CTAGTGAAGTGTACCT-1",2.14161179298545
"CTAGTGACAAGTCTAC-1",0
"CTAGTGACAGGATCGA-1",1.26650242824608
"CTAGTGAGTTATGCGT-1",4.05902129480002
"CTAGTGATCAGTTGAC-1",0
"CTAGTGATCCAGTAGT-1",1.79593833030302
"CTCACACAGCTAAGAT-1",4.80021621299075
"CTCACACAGCTGCCCA-1",1.69568501583596
"CTCACACAGGATGCGT-1",0
"CTCACACCACGTAAGG-1",0
"CTCACACCACTGTTAG-1",1.85304836424335
"CTCACACCATATACGC-1",0
"CTCACACGTGCTGTAT-1",0
"CTCACACGTTCCATGA-1",0
"CTCACACGTTTGGGCC-1",1.94676778204099
"CTCACACTCACCGGGT-1",0
"CTCACACTCATCGGAT-1",2.78031570370713
"CTCACACTCCGCGCAA-1",1.83512693114287
"CTCACACTCTAACCGA-1",2.38616016791626
"CTCAGAAAGAGCTGCA-1",1.59550481813018
"CTCAGAAAGGAGTAGA-1",0
"CTCAGAACAACGCACC-1",0
"CTCAGAACAAGCGATG-1",0
"CTCAGAACAGGGCATA-1",1.79635756285368
"CTCAGAAGTGACGGTA-1",0
"CTCAGAATCTTAACCT-1",3.45358123491796
"CTCATTAAGAACTGTA-1",1.82895755035911
"CTCATTACATGGTCAT-1",0
"CTCATTAGTGTAACGG-1",0
"CTCATTAGTTTACTCT-1",1.59896079460985
"CTCCTAGCAAGTACCT-1",0
"CTCCTAGCAATTCCTT-1",0
"CTCCTAGCACTGTCGG-1",0
"CTCCTAGCAGTCCTTC-1",0
"CTCCTAGCATAACCTG-1",0
"CTCCTAGCATGCGCAC-1",0
"CTCCTAGGTAGAAAGG-1",1.64390993462428
"CTCCTAGGTCCGAGTC-1",0
"CTCCTAGGTCTAGCCG-1",1.50411628685348
"CTCCTAGGTGTTTGTG-1",0
"CTCCTAGGTTCGTGAT-1",0
"CTCCTAGGTTGTTTGG-1",0
"CTCCTAGTCACTTACT-1",0
"CTCCTAGTCTCATTCA-1",0
"CTCGAAAAGCCCAACC-1",1.78884874323438
"CTCGAAAAGCTATGCT-1",0
"CTCGAAAAGGCCCTTG-1",0
"CTCGAAAAGGGCTTCC-1",0
"CTCGAAACAAGCCGTC-1",0
"CTCGAAACACATTAGC-1",1.26485763368178
"CTCGAAACACCGAAAG-1",0
"CTCGAAACACGGCTAC-1",3.76207093446707
"CTCGAAACAGTAAGAT-1",0
"CTCGAGGAGCCATCGC-1",1.89601581014423
"CTCGAGGAGGGCTTCC-1",0
"CTCGAGGCAGATAATG-1",0.992754634691762
"CTCGAGGGTATTCTCT-1",1.20474335530799
"CTCGAGGGTGCCTGGT-1",2.27089805024348
"CTCGGAGAGTCCCACG-1",1.7391728066723
"CTCGGAGCACTTCTGC-1",1.94676778204099
"CTCGGAGCAGCTGCAC-1",0
"CTCGGAGCAGGATCGA-1",1.62694524888205
"CTCGGAGGTAGCCTAT-1",1.75918329879344
"CTCGGAGGTCATGCCG-1",0
"CTCGGAGTCAAACGGG-1",0
"CTCGGAGTCACATACG-1",1.45565972513391
"CTCGGAGTCAGCTTAG-1",1.75918329879344
"CTCGGGAAGACCTAGG-1",1.26485763368178
"CTCGGGACACAGCCCA-1",1.41352519036667
"CTCGGGACATAAAGGT-1",0
"CTCGGGACATCCCACT-1",0
"CTCGGGACATGTCGAT-1",0
"CTCGGGAGTCGCGTGT-1",0
"CTCGGGAGTGACTACT-1",3.07932305313449
"CTCGGGAGTTACGACT-1",1.50411628685348
"CTCGGGATCCGTACAA-1",0
"CTCGGGATCCTTGACC-1",1.81033167280907
"CTCGGGATCTTGTTTG-1",0
"CTCGTACAGCGATAGC-1",0
"CTCGTACCAGCGTAAG-1",5.73525471045408
"CTCGTACCATAGTAAG-1",2.03862302633411
"CTCGTACGTAGAGTGC-1",1.79593833030302
"CTCGTACGTATCACCA-1",0
"CTCGTACGTGCAGTAG-1",0
"CTCGTACTCAAAGTAG-1",1.59550481813018
"CTCGTACTCAATCTCT-1",3.94985462974867
"CTCGTACTCGTTGCCT-1",0
"CTCGTACTCTGGTTCC-1",0
"CTCGTCAAGATGCCTT-1",1.66651521998421
"CTCGTCAAGTGGAGTC-1",2.09456049715953
"CTCGTCAAGTTTGCGT-1",0
"CTCGTCACAACGATCT-1",1.50411628685348
"CTCGTCACACATCCGG-1",0
"CTCGTCACAGTCGTGC-1",2.78132072999557
"CTCGTCAGTCTCATCC-1",0
"CTCGTCAGTCTCCATC-1",0
"CTCGTCAGTGAGCGAT-1",0
"CTCGTCAGTTGACGTT-1",0
"CTCGTCAGTTGGGACA-1",1.89601581014423
"CTCGTCATCACTTATC-1",3.11573053531331
"CTCGTCATCGACCAGC-1",3.27955030694188
"CTCGTCATCTGCTGTC-1",1.70852199121254
"CTCTAATCACCAGGTC-1",1.6609657208989
"CTCTAATCACGGTGTC-1",2.27089805024348
"CTCTAATCAGGAATCG-1",0
"CTCTAATGTCCAAGTT-1",0
"CTCTACGAGCTAAACA-1",1.20229542065056
"CTCTACGAGCTAGTGG-1",1.64088498456524
"CTCTACGAGTACGCCC-1",0
"CTCTACGAGTAGGCCA-1",0
"CTCTACGCAATAACGA-1",1.62694524888205
"CTCTACGCAGACGCTC-1",1.24162561788252
"CTCTACGCATGACATC-1",2.27089805024348
"CTCTACGTCATGTCTT-1",2.27089805024348
"CTCTACGTCCCTAATT-1",0
"CTCTACGTCGGCATCG-1",0
"CTCTACGTCGGTCTAA-1",0
"CTCTGGTAGCGTTCCG-1",0
"CTCTGGTAGGCATGGT-1",2.90772493528414
"CTCTGGTAGTGCCAGA-1",0
"CTCTGGTCACAAGCCC-1",1.49064817827631
"CTCTGGTCAGCCTTTC-1",0
"CTCTGGTTCATCTGTT-1",1.62694524888205
"CTCTGGTTCTTGTACT-1",0
"CTGAAACAGATCCCGC-1",4.93310725381516
"CTGAAACAGGTGCTAG-1",2.0952636775549
"CTGAAACAGTCCGTAT-1",0
"CTGAAACAGTGTCTCA-1",1.81033167280907
"CTGAAACGTCATCGGC-1",0
"CTGAAACGTTAAAGAC-1",0
"CTGAAACTCATACGGT-1",0
"CTGAAGTAGTGCGTGA-1",0
"CTGAAGTCAGCTGTAT-1",0.992754634691762
"CTGAAGTGTTAAAGTG-1",0
"CTGAAGTTCAAGCCTA-1",1.58678831255995
"CTGAAGTTCGGATGTT-1",0
"CTGATAGAGGGAGTAA-1",0
"CTGATAGAGTGCAAGC-1",1.55010236289611
"CTGATAGCAGCCTTTC-1",0
"CTGATAGCATCCCATC-1",0
"CTGATAGCATCTCCCA-1",0
"CTGATAGGTCAAAGCG-1",1.81457883111854
"CTGATAGGTCGCTTTC-1",1.85304836424335
"CTGATAGGTTACGACT-1",1.69568501583596
"CTGATAGTCGCGATCG-1",0
"CTGATCCAGGCATTGG-1",1.45565972513391
"CTGATCCAGGTGACCA-1",0
"CTGATCCCACAGAGGT-1",1.49064817827631
"CTGATCCCAGGCTGAA-1",1.79593833030302
"CTGATCCGTGCCTGGT-1",1.78306268190063
"CTGATCCGTTATCCGA-1",1.89361497818834
"CTGATCCGTTGTGGCC-1",0
"CTGCCTAAGGGTCTCC-1",2.1570836310026
"CTGCCTAAGGTGATAT-1",1.52655736826815
"CTGCCTAAGTACGCGA-1",0
"CTGCCTAAGTGCGTGA-1",4.35445535714769
"CTGCCTACATCCCACT-1",0
"CTGCCTATCAATAAGG-1",1.81457883111854
"CTGCGGAAGAAGGACA-1",3.06726614733138
"CTGCGGAAGAGCTGGT-1",0
"CTGCGGAAGATGAGAG-1",4.80021621299075
"CTGCGGACAGGTCGTC-1",0
"CTGCGGACATGTCTCC-1",1.90423745265475
"CTGCGGAGTCACTTCC-1",1.78306268190063
"CTGCGGAGTCGTGGCT-1",1.65477614282002
"CTGCGGAGTTCTGTTT-1",1.41352519036667
"CTGCGGAGTTGGACCC-1",1.57210853934006
"CTGCGGATCGCCTGTT-1",0
"CTGCGGATCTTACCGC-1",0
"CTGCTGTAGGGTGTTG-1",0
"CTGCTGTAGTACCGGA-1",0
"CTGCTGTAGTGGAGAA-1",1.84001142025209
"CTGCTGTCACATCTTT-1",0
"CTGCTGTGTTAAAGAC-1",0
"CTGCTGTTCTCCAACC-1",0
"CTGCTGTTCTTACCGC-1",0
"CTGGTCTAGCGTTGCC-1",0
"CTGGTCTAGGACAGCT-1",0
"CTGGTCTAGGGCTTGA-1",0
"CTGGTCTAGTCGAGTG-1",0
"CTGGTCTCAAAGGAAG-1",1.78306268190063
"CTGGTCTCACCAGTTA-1",5.18936399211166
"CTGGTCTGTACCTACA-1",0
"CTGGTCTGTACGCTGC-1",3.49252870942167
"CTGGTCTGTCCGCTGA-1",1.84001142025209
"CTGGTCTGTCCGTTAA-1",1.72084710114249
"CTGGTCTGTTCATGGT-1",2.81881149440358
"CTGGTCTGTTCGTGAT-1",3.45358123491796
"CTGGTCTTCAACGGGA-1",1.48878528643126
"CTGGTCTTCACTTACT-1",0
"CTGGTCTTCTTACCTA-1",0
"CTGTGCTGTATATCCG-1",0
"CTGTGCTGTCATCCCT-1",0
"CTGTGCTGTCCCTACT-1",0
"CTGTGCTGTCGGCACT-1",0
"CTGTGCTTCCATTCTA-1",5.10863985638749
"CTGTTTAAGAAACCGC-1",0
"CTGTTTAAGATCGATA-1",2.0952636775549
"CTGTTTAAGGAGTTGC-1",1.84897736262192
"CTGTTTAGTCAAAGCG-1",0
"CTGTTTATCAGCCTAA-1",0
"CTGTTTATCATTTGGG-1",2.81016366021036
"CTGTTTATCTCCAGGG-1",1.56369446183241
"CTGTTTATCTCTTGAT-1",1.48138821445583
"CTGTTTATCTTCTGGC-1",1.6609657208989
"CTTAACTAGCCAGTAG-1",0
"CTTAACTAGGCTCTTA-1",1.69568501583596
"CTTAACTAGGTGCACA-1",1.6609657208989
"CTTAACTAGTCTCGGC-1",0
"CTTACCGAGCGCTTAT-1",3.12432122554386
"CTTACCGAGGCTACGA-1",0
"CTTACCGCAGATCTGT-1",0
"CTTACCGCAGTCAGAG-1",0
"CTTACCGGTCCTGCTT-1",1.50411628685348
"CTTACCGGTCGCCATG-1",0
"CTTACCGGTCTACCTC-1",3.60781994502337
"CTTACCGTCGGACAAG-1",0
"CTTAGGAAGCCCAACC-1",0
"CTTAGGACACGACGAA-1",0
"CTTAGGAGTTATGTGC-1",0
"CTTAGGATCCCATTTA-1",0
"CTTAGGATCTTTACAC-1",0
"CTTCTCTAGAACTCGG-1",0
"CTTCTCTAGAGTGAGA-1",1.84897736262192
"CTTCTCTAGCAGGCTA-1",0
"CTTCTCTAGTTAACGA-1",0
"CTTCTCTCAAAGGTGC-1",1.59959109262016
"CTTCTCTGTAACGACG-1",2.78031570370713
"CTTCTCTGTGCATCTA-1",0
"CTTCTCTTCGAGCCCA-1",2.52298088892371
"CTTGGCTAGCGATATA-1",2.03862302633411
"CTTGGCTAGTACGTTC-1",3.14432637501743
"CTTGGCTCATTACCTT-1",3.76207093446707
"CTTGGCTGTCTCCATC-1",1.89361497818834
"CTTGGCTTCCCTAATT-1",4.81070191534165
"CTTGGCTTCGCGTAGC-1",0
"CTTGGCTTCTCGTTTA-1",3.49252870942167
"CTTTGCGAGCAAATCA-1",0
"CTTTGCGAGCGTTCCG-1",1.48138821445583
"CTTTGCGAGTATCTCG-1",0
"CTTTGCGCAATTCCTT-1",2.78031570370713
"CTTTGCGCACTTAAGC-1",0
"CTTTGCGCAGACGCAA-1",2.01629094581711
"CTTTGCGGTAGAGGAA-1",2.81881149440358
"CTTTGCGTCCAGGGCT-1",1.50411628685348
"GAAACTCAGAGACGAA-1",1.84897736262192
"GAAACTCAGAGGTTAT-1",6.8989974523604
"GAAACTCAGCAGCCTC-1",1.59550481813018
"GAAACTCAGCCCAGCT-1",4.35445535714769
"GAAACTCAGCTAAACA-1",0
"GAAACTCAGTGCTGCC-1",1.24162561788252
"GAAACTCCAAGCCCAC-1",5.73525471045408
"GAAACTCCACATGACT-1",2.27089805024348
"GAAACTCCAGACACTT-1",0
"GAAACTCCATGGATGG-1",0
"GAAACTCGTACTCGCG-1",0
"GAAACTCGTAGCGATG-1",0
"GAAACTCGTGTGAAAT-1",0
"GAAACTCGTTTGTGTG-1",1.74812676048036
"GAAATGAAGCCAGTTT-1",1.7391728066723
"GAAATGAAGCTAGTCT-1",1.5024849469806
"GAAATGAAGTACGTAA-1",1.79051056185953
"GAAATGATCATGCTCC-1",0
"GAAATGATCCTCGCAT-1",0
"GAACATCAGATGGCGT-1",1.7391728066723
"GAACATCCAACAACCT-1",0
"GAACATCCACATCTTT-1",0
"GAACATCCACCTATCC-1",0
"GAACATCCACGGACAA-1",2.38616016791626
"GAACATCCATGCTAGT-1",1.64390993462428
"GAACATCGTACGACCC-1",0
"GAACATCGTGGACGAT-1",0
"GAACATCGTTCCCGAG-1",1.88125508953146
"GAACATCTCCAAGTAC-1",0
"GAACATCTCGATCCCT-1",5.17301280301672
"GAACATCTCTCCAACC-1",0
"GAACCTAAGAACTGTA-1",1.41352519036667
"GAACCTAAGAGCAATT-1",3.76207093446707
"GAACCTAAGCCAGTAG-1",1.85304836424335
"GAACCTACAAGGACAC-1",0
"GAACCTACAGACACTT-1",1.69568501583596
"GAACCTAGTACCAGTT-1",0
"GAACCTAGTGTCAATC-1",0
"GAACCTATCACGATGT-1",0
"GAACGGAAGACGCAAC-1",1.16473445044374
"GAACGGAAGTAATCCC-1",0
"GAACGGAAGTCAATAG-1",1.84403241487607
"GAACGGAAGTGGACGT-1",1.84403241487607
"GAACGGACACAGCGTC-1",3.59364291746862
"GAACGGACACCTCGTT-1",1.6609657208989
"GAACGGACACTTAACG-1",0
"GAACGGAGTAGCGTAG-1",5.17301280301672
"GAACGGAGTCAGAGGT-1",0
"GAACGGAGTGGCGAAT-1",0
"GAACGGATCACTCCTG-1",0
"GAACGGATCCACGAAT-1",1.85304836424335
"GAACGGATCGTAGGAG-1",0
"GAACGGATCTGTCAAG-1",2.78628821373635
"GAAGCAGAGACTAAGT-1",3.70718599389871
"GAAGCAGAGAGACGAA-1",0
"GAAGCAGAGCCACGCT-1",1.26485763368178
"GAAGCAGAGTTCGCGC-1",1.52458668064213
"GAAGCAGCAATCCGAT-1",0
"GAAGCAGCAGATCTGT-1",0
"GAAGCAGCAGATGAGC-1",1.79051056185953
"GAAGCAGCATGAACCT-1",0
"GAAGCAGCATGGAATA-1",2.60966224193145
"GAAGCAGGTAACGCGA-1",1.62694524888205
"GAAGCAGGTCATACTG-1",4.68486739501976
"GAAGCAGTCCTAGTGA-1",1.34403047345173
"GAAGCAGTCTTATCTG-1",3.87562288872671
"GAATAAGCAAGGTGTG-1",1.15214382108101
"GAATAAGCAGACAAGC-1",1.81033167280907
"GAATAAGCATGCAACT-1",1.69206070452363
"GAATAAGGTCCGTTAA-1",0
"GAATAAGGTGAGTGAC-1",0
"GAATAAGGTTCCCTTG-1",1.90423745265475
"GAATAAGTCGTTTAGG-1",0
"GAATGAAAGAGTCTGG-1",0
"GAATGAAAGCTTATCG-1",0
"GAATGAAAGGCATGTG-1",0
"GAATGAACAAACGCGA-1",0
"GAATGAACAGTGAGTG-1",0
"GAATGAACATCATCCC-1",0
"GAATGAAGTCAACATC-1",0
"GAATGAAGTCTCACCT-1",1.48138821445583
"GAATGAAGTGGCAAAC-1",0
"GAATGAAGTTGCGTTA-1",0
"GAATGAATCAGTTAGC-1",1.78141811543332
"GAATGAATCCTGCCAT-1",1.85968999653767
"GACACGCAGACGCACA-1",3.225461650639
"GACACGCAGAGTAATC-1",0
"GACACGCAGCCAACAG-1",0
"GACACGCAGGAGTTTA-1",3.07932305313449
"GACACGCAGGGCATGT-1",2.14626690973484
"GACACGCAGGTGCACA-1",0
"GACACGCAGTCCAGGA-1",0
"GACACGCAGTGGGATC-1",0
"GACACGCAGTGGGTTG-1",1.78141811543332
"GACACGCCAAGCGTAG-1",1.85968999653767
"GACACGCCAAGGACAC-1",0
"GACACGCCAGACGCTC-1",0
"GACACGCCATCCTTGC-1",3.49252870942167
"GACACGCGTTCACGGC-1",0
"GACACGCTCATGTAGC-1",3.06726614733138
"GACAGAGAGTACGATA-1",1.48138821445583
"GACAGAGCAACGATCT-1",0
"GACAGAGCAAGTCTAC-1",1.89361497818834
"GACAGAGCAGCTCCGA-1",0
"GACAGAGCAGCTGGCT-1",0
"GACAGAGTCAAACAAG-1",1.59959109262016
"GACAGAGTCAGAGACG-1",0
"GACAGAGTCCTTCAAT-1",1.20229542065056
"GACAGAGTCCTTGCCA-1",0
"GACAGAGTCTTCATGT-1",0
"GACCAATAGAAGGGTA-1",0
"GACCAATAGCTACCGC-1",1.84897736262192
"GACCAATAGCTACCTA-1",1.68130087784479
"GACCAATCAGGTGCCT-1",0
"GACCAATCATGCGCAC-1",0
"GACCAATGTACAGTTC-1",0
"GACCAATGTCGCTTCT-1",0
"GACCAATTCCGATATG-1",1.75918329879344
"GACCAATTCGAATGGG-1",0
"GACCAATTCGTCACGG-1",0
"GACCTGGCATCACAAC-1",1.59550481813018
"GACCTGGCATGTCTCC-1",2.063420415282
"GACCTGGCATTGGCGC-1",1.20474335530799
"GACCTGGGTAAAGGAG-1",1.59550481813018
"GACCTGGGTCCAGTTA-1",0
"GACCTGGGTGCAGTAG-1",0
"GACCTGGTCATAGCAC-1",5.75542193920835
"GACCTGGTCCTTGCCA-1",0.992754634691762
"GACCTGGTCGCATGAT-1",1.84897736262192
"GACCTGGTCGTCACGG-1",1.5024849469806
"GACGCGTAGTGGTAAT-1",2.41804046101533
"GACGCGTAGTTGTAGA-1",1.94676778204099
"GACGCGTGTAAAGGAG-1",0
"GACGCGTGTGTGAAAT-1",0
"GACGCGTGTTAAGACA-1",1.57210853934006
"GACGCGTTCAAACCGT-1",0
"GACGCGTTCCAAATGC-1",0
"GACGCGTTCCGCGGTA-1",0
"GACGCGTTCCTACAGA-1",0
"GACGCGTTCTCCGGTT-1",1.0764471048401
"GACGGCTAGAAGATTC-1",0
"GACGGCTAGAGCTGGT-1",0
"GACGGCTCAAGGTTTC-1",1.69206070452363
"GACGGCTCACCGCTAG-1",2.27089805024348
"GACGGCTCATGAACCT-1",4.05902129480002
"GACGGCTCATGCAACT-1",1.15214382108101
"GACGGCTGTGTGTGCC-1",2.03862302633411
"GACGGCTGTTATGTGC-1",0
"GACGGCTGTTTGGCGC-1",3.11573053531331
"GACGGCTTCTATCGCC-1",1.41352519036667
"GACGTGCAGGCAAAGA-1",0
"GACGTGCAGGGTGTGT-1",0
"GACGTGCAGGTGTTAA-1",1.90862732886202
"GACGTGCCAGGTCGTC-1",0
"GACGTGCGTAACGTTC-1",1.81376069513352
"GACGTGCTCACCTCGT-1",2.78628821373635
"GACGTTAAGCTACCGC-1",0
"GACGTTAAGGCAAAGA-1",1.35141006662396
"GACGTTAAGTCAAGCG-1",1.70852199121254
"GACGTTACAAGCCATT-1",0
"GACGTTACAAGGTTTC-1",0
"GACGTTACAGACACTT-1",0
"GACGTTAGTATCTGCA-1",0
"GACGTTAGTTTGACAC-1",1.79635756285368
"GACGTTAGTTTGACTG-1",1.52458668064213
"GACGTTATCACAGGCC-1",1.71633991396968
"GACGTTATCATTGCGA-1",0
"GACGTTATCCCGGATG-1",0
"GACGTTATCCGAAGAG-1",2.38616016791626
"GACGTTATCGCGTTTC-1",0
"GACGTTATCTGTCCGT-1",3.53863732233988
"GACTAACAGACAGAGA-1",1.35141006662396
"GACTAACAGTGGAGAA-1",1.79635756285368
"GACTAACCAAATCCGT-1",0
"GACTAACGTCTAGTCA-1",3.34388249035626
"GACTAACGTGCAACTT-1",2.78628821373635
"GACTAACGTTCAGACT-1",1.81457883111854
"GACTAACTCCTTTCTC-1",1.7391728066723
"GACTAACTCTTGCCGT-1",0
"GACTAACTCTTTACAC-1",1.15214382108101
"GACTACAAGATATGGT-1",0
"GACTACACAAATCCGT-1",0
"GACTACAGTGCTGTAT-1",1.55010236289611
"GACTACATCAGCCTAA-1",3.93046053621983
"GACTACATCAGGTAAA-1",2.78031570370713
"GACTACATCTGCAGTA-1",0
"GACTGCGAGCGTAGTG-1",1.94676778204099
"GACTGCGAGTTGTAGA-1",1.79593833030302
"GACTGCGCACTTAACG-1",4.81070191534165
"GACTGCGCATGTTCCC-1",0
"GACTGCGGTACGCACC-1",1.5024849469806
"GACTGCGGTTCTCATT-1",0
"GACTGCGTCAACACAC-1",1.38143907613828
"GACTGCGTCACGACTA-1",5.10863985638749
"GACTGCGTCGCCCTTA-1",2.244830820355
"GACTGCGTCTCAAACG-1",0
"GAGCAGAGTAGGGTAC-1",0
"GAGCAGAGTCAGATAA-1",1.59896079460985
"GAGCAGAGTCATATGC-1",3.93046053621983
"GAGCAGAGTGAGCGAT-1",0
"GAGCAGAGTGTAACGG-1",0
"GAGCAGAGTGTGACCC-1",1.71633991396968
"GAGCAGAGTTCGGGCT-1",0
"GAGCAGAGTTTAAGCC-1",1.89361497818834
"GAGCAGAGTTTGCATG-1",3.49252870942167
"GAGGTGAAGCAACGGT-1",0
"GAGGTGAAGGCTCTTA-1",0
"GAGGTGAAGTGGTAGC-1",2.78031570370713
"GAGGTGAAGTTGTAGA-1",0
"GAGGTGACACTGTCGG-1",0
"GAGGTGACATCCTTGC-1",0
"GAGGTGACATGCATGT-1",0
"GAGGTGAGTACCTACA-1",5.10863985638749
"GAGGTGAGTCATTAGC-1",2.52298088892371
"GAGGTGAGTTCCTCCA-1",2.84700354163464
"GAGGTGATCATCGCTC-1",3.90254129691314
"GAGGTGATCTAGAGTC-1",1.84403241487607
"GAGGTGATCTCTAGGA-1",0
"GAGGTGATCTGCTGTC-1",0
"GAGGTGATCTGGGCCA-1",1.83512693114287
"GAGTCCGAGGACAGAA-1",2.78132072999557
"GAGTCCGAGGCATGTG-1",1.76920366368494
"GAGTCCGAGGCGTACA-1",1.83512693114287
"GAGTCCGCAAACCCAT-1",4.99037012349838
"GAGTCCGGTCAAGCGA-1",1.83512693114287
"GAGTCCGGTGACCAAG-1",3.90254129691314
"GAGTCCGGTGACTCAT-1",1.84001142025209
"GAGTCCGGTGTGACCC-1",3.60921508393703
"GAGTCCGGTTCGGGCT-1",1.69206070452363
"GAGTCCGGTTTGCATG-1",1.75918329879344
"GAGTCCGTCGGCGCAT-1",1.52458668064213
"GAGTCCGTCTGATTCT-1",0
"GATCAGTAGATGTCGG-1",0
"GATCAGTAGTGGTAGC-1",1.89361497818834
"GATCAGTGTATATGAG-1",3.49252870942167
"GATCAGTGTCTGCGGT-1",0
"GATCAGTGTTATGCGT-1",1.81457883111854
"GATCAGTGTTGTACAC-1",3.49252870942167
"GATCGATAGAATGTTG-1",0
"GATCGATAGAGCTGCA-1",1.94676778204099
"GATCGATAGCATGGCA-1",0
"GATCGATCAAGCGAGT-1",1.90423745265475
"GATCGATCAAGCGTAG-1",0
"GATCGATGTCAACATC-1",1.70852199121254
"GATCGATGTTGCCTCT-1",0
"GATCGATTCCGCATCT-1",0
"GATCGCGAGATAGTCA-1",0
"GATCGCGAGCCTTGAT-1",0
"GATCGCGAGGAGCGTT-1",0
"GATCGCGCAGGTCGTC-1",0
"GATCGCGGTACAGCAG-1",0
"GATCGCGGTGAGTATA-1",1.76920366368494
"GATCGCGGTTGTCGCG-1",0
"GATCGCGTCACTCCTG-1",3.27955030694188
"GATCGTAAGACATAAC-1",2.82015194672496
"GATCGTAAGCTCAACT-1",1.88125508953146
"GATCGTACATAACCTG-1",1.85304836424335
"GATCGTAGTGGCTCCA-1",2.38616016791626
"GATCGTATCATATCGG-1",0
"GATCGTATCATGTCCC-1",0
"GATCGTATCTTACCGC-1",1.50411628685348
"GATCTAGAGCGTCTAT-1",0
"GATCTAGAGTGGAGAA-1",0
"GATCTAGCAACACCTA-1",1.85304836424335
"GATCTAGCAAGGGTCA-1",1.26650242824608
"GATCTAGGTCTAAAGA-1",0
"GATCTAGGTCTCACCT-1",0
"GATCTAGGTCTCTTTA-1",0
"GATCTAGTCACATAGC-1",3.11573053531331
"GATCTAGTCTAAGCCA-1",0
"GATGAAAAGAGTAATC-1",0
"GATGAAAAGCTCCCAG-1",0
"GATGAAACACGGTAGA-1",1.90862732886202
"GATGAAACAGCTGTAT-1",1.6609657208989
"GATGAAAGTGGGTATG-1",1.85968999653767
"GATGAAATCACCCTCA-1",0
"GATGAAATCACTCCTG-1",0
"GATGAAATCAGCAACT-1",1.90423745265475
"GATGAAATCGAGAGCA-1",3.45358123491796
"GATGAGGAGATCCCGC-1",0
"GATGAGGAGTTCGATC-1",1.62694524888205
"GATGAGGCACCAGTTA-1",1.72084710114249
"GATGAGGGTATCACCA-1",2.60966224193145
"GATGAGGGTATTCGTG-1",0
"GATGAGGGTCGCGTGT-1",0
"GATGAGGGTGATGATA-1",0
"GATGAGGTCACAGGCC-1",1.56369446183241
"GATGAGGTCACATAGC-1",0
"GATGAGGTCCCTTGTG-1",1.26485763368178
"GATGAGGTCTGCTGTC-1",5.10863985638749
"GATGCTAAGACTAAGT-1",0
"GATGCTAAGGATGCGT-1",1.90423745265475
"GATGCTAAGGCTCTTA-1",0
"GATGCTAAGGGAACGG-1",2.03862302633411
"GATGCTAAGTATCTCG-1",0
"GATGCTAAGTCTCGGC-1",1.41470318139231
"GATGCTACATGTTGAC-1",2.78628821373635
"GATGCTACATTGCGGC-1",0
"GATGCTAGTCTCCATC-1",2.60966224193145
"GATGCTAGTGGAAAGA-1",0
"GATGCTAGTTAGGGTG-1",0
"GATGCTATCCTGTACC-1",2.78132072999557
"GATGCTATCGGCGCTA-1",0
"GATTCAGAGAAACCTA-1",1.5024849469806
"GATTCAGAGAGTGACC-1",0
"GATTCAGAGATTACCC-1",0
"GATTCAGAGGGTCGAT-1",1.69568501583596
"GATTCAGAGGTCGGAT-1",0
"GATTCAGAGTCAATAG-1",1.75918329879344
"GATTCAGCAAGTTGTC-1",2.82015194672496
"GATTCAGCAATTCCTT-1",1.26650242824608
"GATTCAGCAGGGTACA-1",0
"GATTCAGCATCGACGC-1",0
"GATTCAGCATTATCTC-1",0
"GATTCAGGTAAATACG-1",1.89361497818834
"GATTCAGTCAACTCTT-1",1.24162561788252
"GCAAACTAGATGTTAG-1",0
"GCAAACTAGTCATGCT-1",1.84897736262192
"GCAAACTAGTCTCAAC-1",0
"GCAAACTCACAGGTTT-1",0
"GCAAACTGTCAGATAA-1",5.17301280301672
"GCAAACTGTCTCCATC-1",0
"GCAAACTTCGTGGTCG-1",1.15214382108101
"GCAATCAAGGGATCTG-1",0
"GCAATCAAGTATCTCG-1",0
"GCAATCAAGTGGGTTG-1",1.24162561788252
"GCAATCACAGCTTAAC-1",0
"GCAATCACATGTCGAT-1",0
"GCAATCACATTCCTCG-1",4.80021621299075
"GCAATCAGTAGGAGTC-1",0
"GCAATCAGTATAATGG-1",1.24162561788252
"GCAATCAGTTCTCATT-1",0
"GCAATCAGTTCTGGTA-1",1.41470318139231
"GCACATAAGAGCTATA-1",0.992754634691762
"GCACATAAGATGTTAG-1",0
"GCACATAAGCCTTGAT-1",1.68130087784479
"GCACATAAGGAGTACC-1",0
"GCACATAAGTGAAGTT-1",0
"GCACATACACCACGTG-1",1.79593833030302
"GCACATACAGCTGTAT-1",0
"GCACATACAGGAACGT-1",1.73724132094828
"GCACATAGTCATCGGC-1",3.07932305313449
"GCACATAGTCCGAATT-1",0
"GCACATAGTCTCTTTA-1",2.03862302633411
"GCACATAGTGCGCTTG-1",1.52458668064213
"GCACATATCACCTCGT-1",2.81016366021036
"GCACATATCTGGTTCC-1",2.60966224193145
"GCACTCTCAAGACACG-1",1.42709102283036
"GCACTCTCAATCACAC-1",2.09456049715953
"GCACTCTCATTTCAGG-1",1.50411628685348
"GCACTCTGTAAACCTC-1",5.17301280301672
"GCACTCTGTACCAGTT-1",1.41352519036667
"GCACTCTGTAGAAAGG-1",1.85304836424335
"GCACTCTGTCGAACAG-1",0
"GCACTCTGTCTAGGTT-1",1.26650242824608
"GCACTCTTCAACTCTT-1",0
"GCACTCTTCCCTAATT-1",3.34388249035626
"GCACTCTTCTGCCCTA-1",0
"GCAGCCAAGCTGATAA-1",1.5024849469806
"GCAGCCACATGAGCGA-1",0
"GCAGCCAGTAATCGTC-1",0
"GCAGCCAGTGTCGCTG-1",2.19536866753685
"GCAGCCATCAGTTGAC-1",5.17301280301672
"GCAGCCATCCCAACGG-1",1.75918329879344
"GCAGCCATCCGTACAA-1",1.0764471048401
"GCAGTTAAGTCCATAC-1",0
"GCAGTTAAGTCCGTAT-1",0
"GCAGTTAAGTTAACGA-1",0.992754634691762
"GCAGTTAGTGGACGAT-1",1.83512693114287
"GCAGTTAGTTATTCTC-1",1.84001142025209
"GCAGTTATCGCGATCG-1",0
"GCATACAAGATCTGCT-1",0
"GCATACAAGCAACGGT-1",0
"GCATACACAACGCACC-1",0
"GCATACACAAGGACTG-1",0
"GCATACACAAGTCTGT-1",0
"GCATACACAGTCAGCC-1",2.78132072999557
"GCATACACATCCTAGA-1",0
"GCATACACATCGGAAG-1",0
"GCATACAGTCCGAACC-1",1.81376069513352
"GCATACAGTTCTGGTA-1",0
"GCATACATCCACGACG-1",0
"GCATGATAGAATGTTG-1",1.52458668064213
"GCATGATAGAGTAATC-1",0
"GCATGATAGCTGATAA-1",1.85304836424335
"GCATGATAGGACCACA-1",2.78132072999557
"GCATGATAGGCTAGCA-1",0
"GCATGATAGTCAAGCG-1",0
"GCATGATAGTGGAGAA-1",2.09456049715953
"GCATGATCACACCGAC-1",0
"GCATGATCACATTTCT-1",0
"GCATGATGTCCCTACT-1",1.78306268190063
"GCATGATGTTGCGCAC-1",0.992754634691762
"GCATGATTCGTGGACC-1",1.7391728066723
"GCATGCGAGCATGGCA-1",4.68486739501976
"GCATGCGAGTCCAGGA-1",0
"GCATGCGCACTGCCAG-1",0
"GCATGCGGTAAGGATT-1",2.60966224193145
"GCATGCGGTCCTCTTG-1",6.06023422755885
"GCATGCGGTGTGAAAT-1",0
"GCATGCGTCCGCGGTA-1",0
"GCATGTAAGAACTGTA-1",0
"GCATGTAAGACAGACC-1",1.85304836424335
"GCATGTAAGTACTTGC-1",0
"GCATGTAAGTGCAAGC-1",0
"GCATGTACAACACGCC-1",2.19536866753685
"GCATGTATCACGAAGG-1",0
"GCCAAATCAAACTGTC-1",0
"GCCAAATCAAGGGTCA-1",0
"GCCAAATCAAGTTCTG-1",2.27089805024348
"GCCAAATCATAACCTG-1",0
"GCCAAATGTATAAACG-1",0
"GCCAAATGTGTTTGGT-1",2.09456049715953
"GCCAAATGTTTCGCTC-1",0
"GCCAAATTCAGGTAAA-1",0
"GCCAAATTCCGAGCCA-1",1.76920366368494
"GCCAAATTCCGCGGTA-1",0
"GCCAAATTCGGCTACG-1",2.03862302633411
"GCCTCTAAGAGTACCG-1",0
"GCCTCTAAGCCATCGC-1",2.14626690973484
"GCCTCTAAGCCGCCTA-1",5.95792843815485
"GCCTCTAAGCGATAGC-1",1.50411628685348
"GCCTCTAAGCTGCAAG-1",2.52298088892371
"GCCTCTAAGCTTCGCG-1",1.26650242824608
"GCCTCTAAGTCACGCC-1",1.62694524888205
"GCCTCTACAAGACGTG-1",3.45358123491796
"GCCTCTACAGCTATTG-1",0
"GCCTCTAGTAAGGATT-1",1.7391728066723
"GCCTCTAGTGATGATA-1",1.85304836424335
"GCCTCTAGTTAAGGGC-1",1.70852199121254
"GCCTCTATCAGCGACC-1",0
"GCCTCTATCCGATATG-1",0
"GCCTCTATCGAATCCA-1",4.05902129480002
"GCCTCTATCGAGCCCA-1",1.5024849469806
"GCCTCTATCGCTGATA-1",0
"GCCTCTATCTTTAGGG-1",0
"GCGACCAAGAGGTTAT-1",2.0952636775549
"GCGACCACACTTACGA-1",1.89361497818834
"GCGACCAGTCAGGACA-1",5.18936399211166
"GCGACCAGTCTAGAGG-1",3.34388249035626
"GCGACCATCAACGGGA-1",1.40673748343183
"GCGACCATCCCGGATG-1",0
"GCGACCATCTACTCAT-1",0
"GCGAGAAAGGTTCCTA-1",2.55024794763149
"GCGAGAAAGTACGATA-1",1.26485763368178
"GCGAGAAAGTGTCTCA-1",0
"GCGAGAACAAGCCCAC-1",0
"GCGAGAACACTGAAGG-1",0
"GCGAGAAGTAGCGCTC-1",3.90254129691314
"GCGAGAAGTCCCTACT-1",1.79593833030302
"GCGAGAATCCTTTCGG-1",2.01629094581711
"GCGAGAATCGAGAGCA-1",3.45358123491796
"GCGAGAATCGCACTCT-1",2.90772493528414
"GCGCAACAGTCCTCCT-1",0
"GCGCAACAGTGTACGG-1",0
"GCGCAACCAAGTCTGT-1",0
"GCGCAACCAGCCACCA-1",0
"GCGCAACGTAGCGCTC-1",0
"GCGCAACGTCCCTTGT-1",0
"GCGCAACGTCCTAGCG-1",2.52298088892371
"GCGCAACGTCGACTAT-1",0
"GCGCAACGTCTAGAGG-1",0
"GCGCAACTCAATACCG-1",1.55156609912805
"GCGCAGTCACATCCAA-1",1.58678831255995
"GCGCAGTCATTACCTT-1",0
"GCGCAGTGTTAGGGTG-1",0
"GCGCAGTTCGATCCCT-1",1.59959109262016
"GCGCAGTTCGCGGATC-1",1.83512693114287
"GCGCCAAAGACATAAC-1",0
"GCGCCAAAGGACAGCT-1",3.11573053531331
"GCGCCAAAGGCCCTTG-1",4.2038558400803
"GCGCCAAAGGGCTTCC-1",0
"GCGCCAAAGGTACTCT-1",0
"GCGCCAACATAACCTG-1",0
"GCGCCAACATTGGGCC-1",0
"GCGCCAAGTACTTGAC-1",0
"GCGCCAAGTCGGCACT-1",1.81033167280907
"GCGCCAAGTGAAAGAG-1",1.52458668064213
"GCGCCAAGTTGTACAC-1",1.50411628685348
"GCGCCAATCCGTTGCT-1",0
"GCGCGATAGAAGGTTT-1",2.03862302633411
"GCGCGATAGCAGGTCA-1",0
"GCGCGATAGTGAATTG-1",2.81881149440358
"GCGCGATAGTTTGCGT-1",0.992754634691762
"GCGCGATCAGCTCGAC-1",1.79051056185953
"GCGCGATGTAAGTAGT-1",1.84897736262192
"GCGCGATGTCACTTCC-1",0
"GCGCGATGTTACCAGT-1",0
"GCGCGATTCAGTTAGC-1",3.39935486473869
"GCGCGATTCGTTTAGG-1",2.27089805024348
"GCGGGTTAGAAACGAG-1",0
"GCGGGTTAGCTATGCT-1",0
"GCGGGTTAGTGTGAAT-1",1.41470318139231
"GCGGGTTCACGCGAAA-1",2.78132072999557
"GCGGGTTCAGGCAGTA-1",3.11573053531331
"GCGGGTTCAGTAACGG-1",0
"GCGGGTTGTGAGTATA-1",1.59896079460985
"GCGGGTTGTGGCGAAT-1",3.22243670057996
"GCGGGTTTCCAAAGTC-1",1.41352519036667
"GCGGGTTTCCTTTCTC-1",0
"GCGGGTTTCTCCAACC-1",1.81376069513352
"GCGGGTTTCTTGAGGT-1",1.81033167280907
"GCGGGTTTCTTGTATC-1",0
"GCTCCTACAAACTGTC-1",0
"GCTCCTACACCAGGTC-1",0
"GCTCCTACACCGATAT-1",1.83512693114287
"GCTCCTACAGGGTACA-1",0
"GCTCCTACATTAGCCA-1",0
"GCTCCTAGTCAGGACA-1",0
"GCTCCTAGTCCGTCAG-1",2.78031570370713
"GCTCCTATCAGCCTAA-1",0
"GCTCCTATCCCTAATT-1",0
"GCTCTGTAGAGGTAGA-1",0
"GCTCTGTAGCTGAACG-1",0
"GCTCTGTAGGAGTCTG-1",2.78628821373635
"GCTCTGTAGTGCTGCC-1",0
"GCTCTGTAGTGGACGT-1",1.81376069513352
"GCTCTGTTCACCTCGT-1",1.16625372558609
"GCTGCAGAGCGTGAGT-1",1.50411628685348
"GCTGCAGAGTCAAGCG-1",2.81016366021036
"GCTGCAGAGTCCCACG-1",0
"GCTGCAGCAATTGCTG-1",0
"GCTGCAGCATGCCCGA-1",1.79635756285368
"GCTGCAGCATGCCTAA-1",2.60966224193145
"GCTGCAGGTAAACCTC-1",0
"GCTGCAGGTACGAAAT-1",0
"GCTGCAGGTAGCGCAA-1",1.59896079460985
"GCTGCAGGTCACCCAG-1",3.06726614733138
"GCTGCAGGTCATGCCG-1",2.19536866753685
"GCTGCGAAGGAATGGA-1",0
"GCTGCGAGTCTAACGT-1",0
"GCTGCGAGTGTTTGGT-1",0
"GCTGCGATCTCCTATA-1",1.72084710114249
"GCTGCGATCTTGTTTG-1",2.27089805024348
"GCTGCTTAGAATTGTG-1",1.16625372558609
"GCTGCTTAGGCAATTA-1",4.80021621299075
"GCTGCTTCATCACGTA-1",0
"GCTGCTTCATCCAACA-1",0
"GCTGCTTCATGCCTAA-1",5.91206965904337
"GCTGCTTCATGGTCAT-1",0
"GCTGCTTGTAACGACG-1",0
"GCTGCTTGTAATCGTC-1",1.70852199121254
"GCTGCTTGTAGGGACT-1",1.62138413570584
"GCTGCTTGTGAAAGAG-1",1.90423745265475
"GCTGCTTTCCGGGTGT-1",1.52655736826815
"GCTGGGTAGACCCACC-1",0
"GCTGGGTAGCCACGCT-1",0
"GCTGGGTAGTCGCCGT-1",0
"GCTGGGTAGTCTCAAC-1",1.84403241487607
"GCTGGGTCACGGCTAC-1",1.89361497818834
"GCTGGGTCAGCCAATT-1",2.78628821373635
"GCTGGGTGTACAGTTC-1",0
"GCTGGGTGTACCGTTA-1",0
"GCTGGGTGTCGAGTTT-1",0
"GCTGGGTGTCTCCACT-1",2.0952636775549
"GCTGGGTGTGCCTGTG-1",0
"GCTGGGTTCAGCTTAG-1",2.0952636775549
"GCTGGGTTCCTTAATC-1",0
"GCTTCCAAGAAACCTA-1",0
"GCTTCCACACCACCAG-1",0
"GCTTCCACAGGTCGTC-1",0
"GCTTCCACAGTGAGTG-1",1.24162561788252
"GCTTCCAGTATAGGTA-1",4.81070191534165
"GCTTCCAGTTCAGCGC-1",3.50475406127196
"GCTTCCATCGTCCAGG-1",0
"GCTTGAAAGATGGCGT-1",0
"GCTTGAAAGCCGTCGT-1",0
"GCTTGAACAAACCTAC-1",1.70852199121254
"GCTTGAACACGGTGTC-1",0
"GCTTGAACATCGGAAG-1",1.40673748343183
"GCTTGAAGTGCGGTAA-1",1.15214382108101
"GCTTGAAGTTCTCATT-1",1.69568501583596
"GCTTGAATCAGGATCT-1",1.62694524888205
"GGAAAGCAGGCAGGTT-1",0
"GGAAAGCCAAACGCGA-1",1.50411628685348
"GGAAAGCCAAGTACCT-1",3.49252870942167
"GGAAAGCGTAAGCACG-1",0
"GGAAAGCGTCCTCCAT-1",0
"GGAAAGCGTCGCGTGT-1",0
"GGAAAGCGTGCTTCTC-1",1.40673748343183
"GGAAAGCTCCAGAGGA-1",1.48138821445583
"GGAACTTAGAGTAAGG-1",0
"GGAACTTCAATGTAAG-1",0
"GGAACTTCACAGGAGT-1",1.0764471048401
"GGAACTTCACCTCGTT-1",1.59550481813018
"GGAACTTGTCTCTTTA-1",1.04413588534703
"GGAACTTTCATTGCCC-1",0
"GGAACTTTCATTTGGG-1",1.87281826504998
"GGAACTTTCCGTCATC-1",0
"GGAACTTTCCTCAACC-1",0
"GGAACTTTCGGATGTT-1",0
"GGAATAAAGGTACTCT-1",1.42709102283036
"GGAATAAAGTGTCCAT-1",0
"GGAATAACAGCGTCCA-1",2.244830820355
"GGAATAAGTCTGGTCG-1",1.81033167280907
"GGAATAAGTGCAGGTA-1",3.93046053621983
"GGAATAATCAGCACAT-1",1.56369446183241
"GGAATAATCTTTACGT-1",2.80853009896863
"GGACAAGAGGTACTCT-1",0
"GGACAAGCAACGATGG-1",0
"GGACAAGCAGTCGTGC-1",0
"GGACAAGCATGGGACA-1",0
"GGACAAGGTATAAACG-1",0
"GGACAAGGTATGAAAC-1",0
"GGACAAGGTCGGCATC-1",0
"GGACAAGGTTATGCGT-1",2.38616016791626
"GGACAAGTCTAACGGT-1",0
"GGACAGAAGCTAGTCT-1",1.52458668064213
"GGACAGAAGTACTTGC-1",1.52655736826815
"GGACAGACAACACGCC-1",0
"GGACAGACACAAGCCC-1",1.71633991396968
"GGACAGAGTAAGTGGC-1",0
"GGACAGAGTCTTTCAT-1",0
"GGACAGAGTGAGGGAG-1",0
"GGACAGAGTTCCACAA-1",0
"GGACAGATCAACGCTA-1",0
"GGACATTAGAGGGCTT-1",0
"GGACATTAGCCACGTC-1",1.84403241487607
"GGACATTCAAACGCGA-1",0
"GGACATTCAATGACCT-1",1.90423745265475
"GGACATTCACCAGCAC-1",2.03862302633411
"GGACATTGTTCTGGTA-1",1.5024849469806
"GGACATTTCCTCTAGC-1",0
"GGACGTCAGTACTTGC-1",1.79635756285368
"GGACGTCAGTGGTAAT-1",0
"GGACGTCCACAGTCGC-1",6.8989974523604
"GGACGTCGTGAGGGAG-1",1.81376069513352
"GGACGTCGTGGCGAAT-1",3.34388249035626
"GGACGTCGTTACGGAG-1",0
"GGACGTCGTTTAAGCC-1",6.06023422755885
"GGACGTCTCCACTCCA-1",1.68130087784479
"GGACGTCTCGCAAACT-1",4.93310725381516
"GGACGTCTCTCCAGGG-1",0
"GGACGTCTCTCGAGTA-1",0
"GGACGTCTCTGGTGTA-1",0
"GGACGTCTCTTCGAGA-1",1.79051056185953
"GGAGCAAAGAACTCGG-1",0
"GGAGCAAAGACTGTAA-1",0
"GGAGCAAAGCCGCCTA-1",0
"GGAGCAAAGCTAAACA-1",0
"GGAGCAAAGTACGCCC-1",2.0952636775549
"GGAGCAACAAGCTGTT-1",0
"GGAGCAACAATGGACG-1",0
"GGAGCAACAATTCCTT-1",1.68058951233203
"GGAGCAACATGCTGGC-1",0
"GGAGCAAGTGAGTATA-1",4.18705318713896
"GGAGCAAGTTACTGAC-1",1.48138821445583
"GGAGCAATCAAGATCC-1",3.90254129691314
"GGAGCAATCCCATTTA-1",2.78132072999557
"GGATGTTCAAACTGTC-1",0
"GGATGTTTCATCACCC-1",0
"GGATGTTTCATGCATG-1",0
"GGATGTTTCCTACAGA-1",0
"GGATGTTTCCTCTAGC-1",1.50411628685348
"GGATTACAGATCCCAT-1",1.16473445044374
"GGATTACAGCTTCGCG-1",0
"GGATTACAGGCTAGCA-1",1.04413588534703
"GGATTACAGTATCTCG-1",0
"GGATTACCAAGCGTAG-1",1.04413588534703
"GGATTACCACATCCGG-1",0
"GGATTACCAGCGTAAG-1",0
"GGATTACGTAATAGCA-1",0
"GGATTACGTACACCGC-1",1.85304836424335
"GGATTACGTCTCTTTA-1",0
"GGATTACGTTGAGGTG-1",3.66723883868837
"GGATTACTCGCGCCAA-1",0
"GGATTACTCGGCGCAT-1",0
"GGATTACTCTGCCCTA-1",0
"GGCAATTCAATCGGTT-1",1.49064817827631
"GGCAATTCACGGCGTT-1",0
"GGCAATTCATCACCCT-1",0
"GGCAATTGTCGATTGT-1",0
"GGCAATTTCACTTACT-1",4.80021621299075
"GGCAATTTCAGCACAT-1",1.5024849469806
"GGCAATTTCTCCGGTT-1",1.55010236289611
"GGCCGATAGTGTCTCA-1",2.063420415282
"GGCCGATCACGGACAA-1",1.68130087784479
"GGCCGATGTAGGACAC-1",3.53863732233988
"GGCCGATGTCACTGGC-1",0
"GGCCGATGTCCCTACT-1",1.26650242824608
"GGCCGATTCACCGTAA-1",1.76920366368494
"GGCCGATTCCGCGCAA-1",0
"GGCGACTAGAGCTGGT-1",0
"GGCGACTAGGACCACA-1",0
"GGCGACTAGGTTACCT-1",2.19536866753685
"GGCGACTCAAAGCGGT-1",3.50475406127196
"GGCGACTCAAGAGTCG-1",1.79635756285368
"GGCGACTCACCAGGTC-1",3.45358123491796
"GGCGACTCATTGTGCA-1",0
"GGCGACTTCAGAAATG-1",0
"GGCGACTTCAGAGACG-1",0
"GGCGACTTCCAGATCA-1",1.38143907613828
"GGCGACTTCTCTAGGA-1",0
"GGCGTGTAGCTAGCCC-1",3.11573053531331
"GGCGTGTAGGGTATCG-1",0
"GGCGTGTCAGGTCCAC-1",0
"GGCGTGTCAGTATAAG-1",0
"GGCGTGTCATCGTCGG-1",0
"GGCGTGTCATGGAATA-1",0
"GGCGTGTGTCTCCCTA-1",5.10863985638749
"GGCGTGTTCTTGAGGT-1",6.8989974523604
"GGCTCGAAGCCGTCGT-1",1.65477614282002
"GGCTCGAAGGTAAACT-1",0
"GGCTCGACAAGAAGAG-1",2.19536866753685
"GGCTCGACAATAGCAA-1",0
"GGCTCGACATGGTCAT-1",0
"GGCTCGAGTATATCCG-1",0
"GGCTCGAGTTACGTCA-1",0
"GGCTCGAGTTAGGGTG-1",1.20474335530799
"GGCTCGATCTGCAAGT-1",0
"GGCTGGTAGAAGAAGC-1",0
"GGCTGGTAGACCCACC-1",0
"GGCTGGTCAAGGACAC-1",1.55010236289611
"GGCTGGTCACTGCCAG-1",0
"GGCTGGTCATTTCAGG-1",2.0952636775549
"GGCTGGTGTATTCTCT-1",1.6609657208989
"GGCTGGTGTCGCATCG-1",0
"GGCTGGTGTCTAGTGT-1",1.48138821445583
"GGCTGGTGTTATGCGT-1",2.0952636775549
"GGGAATGAGCGTTGCC-1",0
"GGGAATGAGTAGGTGC-1",0
"GGGAATGGTAAGGGAA-1",1.77365793827803
"GGGAATGTCAACGAAA-1",4.2038558400803
"GGGAATGTCCAGTATG-1",0
"GGGAATGTCCGGGTGT-1",1.71633991396968
"GGGACCTAGATGTAAC-1",0
"GGGACCTAGTCTTGCA-1",3.76207093446707
"GGGACCTCAATCAGAA-1",0
"GGGACCTCACTGAAGG-1",2.09456049715953
"GGGAGATAGTACGACG-1",3.34388249035626
"GGGAGATCAAAGTGCG-1",0
"GGGAGATCAAATCCGT-1",0
"GGGAGATCAAGGACTG-1",1.81033167280907
"GGGAGATCACGCGAAA-1",1.81376069513352
"GGGAGATGTAGCGCAA-1",2.90348846782357
"GGGAGATTCAACGGGA-1",2.0952636775549
"GGGAGATTCATCACCC-1",0
"GGGATGAAGTGACATA-1",3.81540340720385
"GGGATGACATCATCCC-1",1.5024849469806
"GGGATGAGTCACCCAG-1",0
"GGGATGAGTGGAAAGA-1",0
"GGGATGAGTTACGACT-1",0
"GGGATGAGTTGGTAAA-1",1.78141811543332
"GGGATGATCAGTTAGC-1",0
"GGGATGATCTATCCTA-1",0
"GGGATGATCTTTAGGG-1",0
"GGGCACTAGTCTCGGC-1",0
"GGGCACTCATCTCCCA-1",1.50411628685348
"GGGCACTTCACCTCGT-1",0
"GGGCACTTCTGAGGGA-1",1.81457883111854
"GGGCATCCAATGTAAG-1",0
"GGGCATCCAGTCTTCC-1",1.59896079460985
"GGGCATCGTGGCGAAT-1",0
"GGGCATCTCACAGTAC-1",0
"GGGCATCTCCCTTGTG-1",0
"GGGCATCTCCGGCACA-1",0
"GGGCATCTCTGTCCGT-1",0
"GGGCATCTCTTATCTG-1",1.7391728066723
"GGGTCTGAGAAGATTC-1",0
"GGGTCTGAGATCCCGC-1",2.09456049715953
"GGGTCTGAGCCAACAG-1",0
"GGGTCTGCACAGGCCT-1",0
"GGGTCTGCACCAGGTC-1",3.06726614733138
"GGGTCTGGTCTGGTCG-1",1.81033167280907
"GGGTCTGGTGATGATA-1",1.24162561788252
"GGGTCTGGTGTGACCC-1",1.89601581014423
"GGGTCTGTCAACTCTT-1",2.78132072999557
"GGGTCTGTCACTCCTG-1",3.76207093446707
"GGGTCTGTCCGTAGTA-1",1.20474335530799
"GGGTTGCAGACAGAGA-1",1.89361497818834
"GGGTTGCAGACCTTTG-1",1.81376069513352
"GGGTTGCAGATCGATA-1",0
"GGGTTGCAGGGTGTTG-1",3.07932305313449
"GGGTTGCAGGTGGGTT-1",2.27089805024348
"GGGTTGCCAATAACGA-1",0
"GGGTTGCCACGCCAGT-1",0
"GGGTTGCCATTAACCG-1",1.5024849469806
"GGGTTGCGTACATCCA-1",0
"GGGTTGCGTAGCGCAA-1",0
"GGGTTGCGTCCTCCAT-1",1.77365793827803
"GGGTTGCGTCGAGTTT-1",3.06726614733138
"GGGTTGCGTGAGTATA-1",0
"GGGTTGCGTGTGACCC-1",1.85304836424335
"GGGTTGCTCGTACCGG-1",1.70852199121254
"GGTATTGAGCACCGTC-1",0
"GGTATTGAGCTATGCT-1",0
"GGTATTGCACATCCAA-1",0
"GGTATTGCAGCTTCGG-1",0
"GGTATTGGTTCCGTCT-1",0
"GGTATTGTCAGAAATG-1",1.04413588534703
"GGTATTGTCCATTCTA-1",0
"GGTATTGTCGCCAGCA-1",1.79051056185953
"GGTGAAGAGACACGAC-1",0
"GGTGAAGAGATCCGAG-1",6.8989974523604
"GGTGAAGCAAGGTGTG-1",0
"GGTGAAGCACTCGACG-1",0
"GGTGAAGCAGTATGCT-1",0
"GGTGAAGGTATGAAAC-1",0
"GGTGAAGGTCAGAATA-1",1.52655736826815
"GGTGAAGGTGGTACAG-1",0
"GGTGAAGGTGTATGGG-1",2.78031570370713
"GGTGAAGGTGTCTGAT-1",0
"GGTGAAGGTGTGGTTT-1",1.62432251016154
"GGTGAAGGTGTGTGCC-1",0
"GGTGAAGTCACGATGT-1",1.75918329879344
"GGTGAAGTCACTCTTA-1",0
"GGTGAAGTCTGGCGTG-1",0
"GGTGCGTAGGTGATTA-1",1.85304836424335
"GGTGCGTAGTACGATA-1",2.063420415282
"GGTGCGTCACTTAAGC-1",1.16625372558609
"GGTGCGTCAGCTGTAT-1",1.84001142025209
"GGTGCGTGTTCGTTGA-1",0
"GGTGCGTTCCGTACAA-1",0
"GGTGCGTTCTTGACGA-1",1.82895755035911
"GGTGTTAAGGGCTCTC-1",0
"GGTGTTAAGTAGCGGT-1",0
"GGTGTTAAGTGGGATC-1",0
"GGTGTTAAGTTATCGC-1",0
"GGTGTTACAAATCCGT-1",1.85968999653767
"GGTGTTACACGGATAG-1",0
"GGTGTTAGTAATCACC-1",0
"GGTGTTAGTAGCAAAT-1",1.41352519036667
"GGTGTTAGTGTATGGG-1",0
"GGTGTTAGTTGAACTC-1",0
"GGTGTTATCGGACAAG-1",2.09456049715953
"GGTGTTATCGGTGTTA-1",0
"GGTGTTATCTACTTAC-1",0
"GTAACGTAGGTGACCA-1",3.14432637501743
"GTAACGTCACAGGCCT-1",0
"GTAACGTGTACCATCA-1",0
"GTAACGTGTGAGTATA-1",3.53863732233988
"GTAACGTGTTACGGAG-1",2.84700354163464
"GTAACGTGTTAGGGTG-1",3.225461650639
"GTAACGTTCGGTCCGA-1",1.94676778204099
"GTAACGTTCTCATTCA-1",1.52655736826815
"GTAACTGAGTGGGTTG-1",1.52655736826815
"GTAACTGCAATGGAAT-1",0
"GTAACTGCACAGGCCT-1",0
"GTAACTGCAGGATCGA-1",1.26485763368178
"GTAACTGCATCGGGTC-1",1.84897736262192
"GTAACTGGTATTACCG-1",4.93310725381516
"GTAACTGTCACGGTTA-1",0
"GTAACTGTCTACTATC-1",0
"GTACGTAAGGTGCTTT-1",0
"GTACGTACAGGAATGC-1",0
"GTACGTACATGGATGG-1",0
"GTACGTAGTGAGTGAC-1",0
"GTACGTAGTTGGTAAA-1",0
"GTACGTATCACCTCGT-1",0
"GTACGTATCATCGGAT-1",4.2038558400803
"GTACGTATCCACTGGG-1",1.34403047345173
"GTACTCCAGGCAGTCA-1",1.79593833030302
"GTACTCCCAATAGCGG-1",4.35445535714769
"GTACTCCCACAGGTTT-1",0
"GTACTCCTCACCTTAT-1",1.83159513585076
"GTACTCCTCATTGCCC-1",5.10863985638749
"GTACTCCTCCTTCAAT-1",0
"GTACTTTCAGTTAACC-1",1.48138821445583
"GTACTTTCATGTCGAT-1",0
"GTACTTTTCCGAAGAG-1",4.81070191534165
"GTAGGCCAGCAATCTC-1",0
"GTAGGCCCATTCGACA-1",1.20474335530799
"GTAGGCCGTAACGCGA-1",0
"GTAGGCCGTAAGGGCT-1",1.24162561788252
"GTAGGCCGTACGACCC-1",1.20229542065056
"GTAGGCCGTTCAGGCC-1",1.26650242824608
"GTAGGCCGTTGATTGC-1",0
"GTAGGCCTCAGCACAT-1",1.57210853934006
"GTAGTCAAGAATGTGT-1",0
"GTAGTCAAGATGCCTT-1",1.6609657208989
"GTAGTCAAGGACGAAA-1",1.69206070452363
"GTAGTCAAGTGAAGAG-1",0
"GTAGTCATCGTCACGG-1",1.70852199121254
"GTAGTCATCTGAAAGA-1",5.95792843815485
"GTATCTTAGAAACCAT-1",1.53564386274411
"GTATCTTAGGCTATCT-1",1.79593833030302
"GTATCTTAGTTGTCGT-1",0
"GTATCTTCACACCGCA-1",1.94676778204099
"GTATCTTCACGAAGCA-1",1.52655736826815
"GTATCTTGTTCGCTAA-1",0
"GTATCTTTCATGCTCC-1",1.84403241487607
"GTATCTTTCATGTAGC-1",2.78132072999557
"GTATTCTAGAAACCAT-1",5.17301280301672
"GTATTCTAGACAAAGG-1",0
"GTATTCTCAAAGTCAA-1",1.77365793827803
"GTATTCTCAACAACCT-1",0
"GTATTCTCAACTTGAC-1",0
"GTATTCTCAATAAGCA-1",0
"GTATTCTCAGGGTTAG-1",0
"GTATTCTCATACTACG-1",0
"GTATTCTCATGGTAGG-1",1.68130087784479
"GTATTCTGTAGTGAAT-1",2.244830820355
"GTATTCTGTCTAGAGG-1",0
"GTCAAGTCATATGCTG-1",0
"GTCAAGTCATGGTTGT-1",0
"GTCAAGTGTCAGCTAT-1",0
"GTCAAGTGTTCCACTC-1",0
"GTCACAAAGCCGATTT-1",2.0952636775549
"GTCACAAAGTGGAGTC-1",0
"GTCACAACAGGTGGAT-1",0
"GTCACAAGTAAACGCG-1",0
"GTCACAATCAGGATCT-1",0.899236510835915
"GTCACAATCAGTTGAC-1",1.72084710114249
"GTCACAATCATGCATG-1",2.78132072999557
"GTCACGGAGATCACGG-1",2.42115545891574
"GTCACGGCATATACCG-1",1.41352519036667
"GTCACGGGTGAGTGAC-1",1.76920366368494
"GTCACGGGTGTGGCTC-1",0
"GTCACGGTCGAGAGCA-1",1.82895755035911
"GTCACGGTCTACCTGC-1",1.59959109262016
"GTCATTTAGAGACTAT-1",0
"GTCATTTCACGTGAGA-1",0
"GTCATTTGTAGAAGGA-1",1.85304836424335
"GTCATTTGTCAGATAA-1",0
"GTCATTTTCCAGAGGA-1",2.27089805024348
"GTCCTCAAGCCCAACC-1",1.84897736262192
"GTCCTCAAGTAGATGT-1",2.27089805024348
"GTCCTCAAGTGGGCTA-1",1.75918329879344
"GTCCTCACAATCACAC-1",0
"GTCCTCAGTGGAAAGA-1",2.0952636775549
"GTCCTCATCAAAGACA-1",0
"GTCCTCATCGTCCGTT-1",0
"GTCGGGTCACTGAAGG-1",2.38616016791626
"GTCGGGTCACTTCGAA-1",2.03862302633411
"GTCGGGTCATGAAGTA-1",0
"GTCGGGTGTCTCACCT-1",3.06726614733138
"GTCGGGTGTGTGACGA-1",3.45358123491796
"GTCGGGTGTGTGTGCC-1",1.62694524888205
"GTCGGGTGTTACGTCA-1",0
"GTCGGGTTCTGCTGTC-1",0
"GTCGGGTTCTGTGCAA-1",0
"GTCGTAAAGAGATGAG-1",0
"GTCGTAAAGCTGCAAG-1",1.83512693114287
"GTCGTAAAGGCGACAT-1",0
"GTCGTAACATCACGAT-1",1.59896079460985
"GTCGTAAGTATCACCA-1",0
"GTCGTAATCCAAGTAC-1",1.89601581014423
"GTCTCGTAGACCACGA-1",0
"GTCTCGTCAGGAACGT-1",1.62138413570584
"GTCTCGTGTGGTAACG-1",0
"GTCTCGTGTTTGGCGC-1",1.35141006662396
"GTCTCGTTCACCGGGT-1",0
"GTCTCGTTCAGTGCAT-1",0
"GTCTTCGAGACAAGCC-1",5.17301280301672
"GTCTTCGAGGAATGGA-1",0
"GTCTTCGAGTCAAGCG-1",0
"GTCTTCGCACATGGGA-1",2.063420415282
"GTCTTCGCACCAGGTC-1",0
"GTCTTCGCAGACGCAA-1",2.0952636775549
"GTCTTCGCATAACCTG-1",0
"GTCTTCGCATCGATGT-1",0
"GTCTTCGGTCTAGTGT-1",0
"GTCTTCGTCTCGATGA-1",0
"GTGAAGGAGAGCTGGT-1",1.56369446183241
"GTGAAGGAGATCGGGT-1",1.79593833030302
"GTGAAGGAGCCAGTTT-1",1.35141006662396
"GTGAAGGAGTGTTGAA-1",0
"GTGAAGGCAAAGGCGT-1",0
"GTGAAGGCACTTAAGC-1",0
"GTGAAGGCAGATTGCT-1",0
"GTGAAGGGTATATGGA-1",1.20474335530799
"GTGAAGGGTCTCTCTG-1",2.09456049715953
"GTGAAGGTCTCCTATA-1",0
"GTGCAGCAGACATAAC-1",0
"GTGCAGCAGTGGTCCC-1",1.84897736262192
"GTGCAGCCACATCTTT-1",1.41352519036667
"GTGCAGCGTGAGTATA-1",2.01629094581711
"GTGCAGCTCTTAGAGC-1",0
"GTGCATAAGGCATGGT-1",1.35141006662396
"GTGCATAGTTTGTTGG-1",0
"GTGCATATCAGAGCTT-1",0
"GTGCATATCATCATTC-1",0
"GTGCATATCTGCGTAA-1",3.76207093446707
"GTGCGGTAGCAATCTC-1",0
"GTGCGGTAGGACAGAA-1",1.69206070452363
"GTGCGGTCAAAGGTGC-1",3.34388249035626
"GTGCGGTGTTCAGACT-1",1.87281826504998
"GTGCGGTGTTCTGTTT-1",1.7391728066723
"GTGCGGTTCATCTGCC-1",0
"GTGCGGTTCCAGGGCT-1",1.79593833030302
"GTGCGGTTCGGATGGA-1",0
"GTGCGGTTCTCGTTTA-1",0
"GTGCGGTTCTGCTGTC-1",2.52298088892371
"GTGCTTCAGCCAGTTT-1",1.94676778204099
"GTGCTTCAGGATTCGG-1",0
"GTGCTTCAGTACACCT-1",0
"GTGCTTCCACTTAACG-1",1.68058951233203
"GTGCTTCCAGCTATTG-1",0
"GTGCTTCGTAGAGTGC-1",0
"GTGCTTCTCACAATGC-1",1.52458668064213
"GTGCTTCTCACTTCAT-1",2.78031570370713
"GTGGGTCAGACCGGAT-1",1.59959109262016
"GTGGGTCAGACTGTAA-1",2.01629094581711
"GTGGGTCAGCCGTCGT-1",0
"GTGGGTCCACCAACCG-1",1.41470318139231
"GTGGGTCCACCACCAG-1",0
"GTGTGCGAGACCGGAT-1",2.27089805024348
"GTGTGCGAGACTTGAA-1",0
"GTGTGCGCAGGTCGTC-1",0
"GTGTGCGGTGAGCGAT-1",0
"GTGTGCGTCAGTCAGT-1",3.45358123491796
"GTGTGCGTCCCTTGTG-1",0
"GTGTGCGTCTAACTTC-1",1.82895755035911
"GTGTTAGAGGACAGAA-1",0
"GTGTTAGAGGCATGGT-1",0
"GTGTTAGAGTGGAGAA-1",0
"GTGTTAGAGTTTGCGT-1",0
"GTGTTAGCAATGGAAT-1",3.60921508393703
"GTGTTAGCACCACCAG-1",0
"GTGTTAGGTGCCTGGT-1",0
"GTGTTAGGTGGAAAGA-1",0
"GTGTTAGGTTCCATGA-1",0
"GTGTTAGGTTGGGACA-1",0
"GTTAAGCAGAGCTGCA-1",1.75918329879344
"GTTAAGCAGATAGCAT-1",0
"GTTAAGCAGCTAACAA-1",0
"GTTAAGCAGGCTACGA-1",1.94676778204099
"GTTAAGCAGTGTACCT-1",1.7391728066723
"GTTAAGCAGTTTGCGT-1",1.5024849469806
"GTTAAGCCATTCACTT-1",0
"GTTAAGCGTACTCGCG-1",0
"GTTAAGCGTCTAGGTT-1",0
"GTTAAGCGTGGCAAAC-1",0
"GTTAAGCGTTGCTCCT-1",0
"GTTAAGCTCCTTTCGG-1",0
"GTTACAGAGAGCTATA-1",6.06023422755885
"GTTACAGAGTACGATA-1",3.60921508393703
"GTTACAGCAGACGCCT-1",1.52655736826815
"GTTACAGCATCGGTTA-1",0
"GTTACAGGTATGGTTC-1",1.50411628685348
"GTTACAGGTCGACTGC-1",0
"GTTACAGGTCTAGGTT-1",0
"GTTCATTAGCGATGAC-1",2.78132072999557
"GTTCATTCATATACGC-1",4.81070191534165
"GTTCATTCATTGGCGC-1",1.78306268190063
"GTTCATTGTGCACGAA-1",0
"GTTCATTGTGTTAAGA-1",0
"GTTCATTGTTCAGTAC-1",1.84897736262192
"GTTCGGGAGACGACGT-1",0
"GTTCGGGAGCTAAGAT-1",2.14626690973484
"GTTCGGGAGTGTCTCA-1",1.89361497818834
"GTTCGGGGTAGGGTAC-1",1.78141811543332
"GTTCGGGGTGCAGGTA-1",1.20229542065056
"GTTCGGGTCCACGCAG-1",4.80021621299075
"GTTCGGGTCTACTTAC-1",1.83512693114287
"GTTCTCGAGACCACGA-1",1.50411628685348
"GTTCTCGAGCGATGAC-1",0
"GTTCTCGAGGCCATAG-1",2.41804046101533
"GTTCTCGCATCGGACC-1",0
"GTTCTCGGTAAGGGAA-1",0
"GTTCTCGGTAGCGTAG-1",0
"GTTCTCGGTCCGTGAC-1",1.24162561788252
"GTTCTCGGTGTTAAGA-1",1.85968999653767
"GTTCTCGTCAACGCTA-1",4.35445535714769
"GTTCTCGTCCTGTACC-1",0
"GTTTCTACAAACCTAC-1",0
"GTTTCTACAAGAAAGG-1",1.35141006662396
"GTTTCTAGTGTTGGGA-1",2.78031570370713
"GTTTCTATCCCAACGG-1",0
"GTTTCTATCCGTAGTA-1",2.19536866753685
"GTTTCTATCGGCATCG-1",1.26485763368178
"TAAACCGGTACTTAGC-1",5.75542193920835
"TAAACCGTCACTCTTA-1",0
"TAAACCGTCAGGCGAA-1",1.79593833030302
"TAAACCGTCCGTTGTC-1",1.38143907613828
"TAAACCGTCTTCCTTC-1",0
"TAAGAGACAAGTTGTC-1",0
"TAAGAGAGTATATCCG-1",3.34388249035626
"TAAGAGATCAATCACG-1",0
"TAAGAGATCTAACGGT-1",3.06726614733138
"TAAGAGATCTTTCCTC-1",2.41804046101533
"TAAGCGTAGTGGACGT-1",0
"TAAGCGTAGTGTCTCA-1",2.03862302633411
"TAAGCGTCAGCTTCGG-1",1.42709102283036
"TAAGCGTCAGGTGGAT-1",1.5024849469806
"TAAGCGTGTCCTGCTT-1",0
"TAAGCGTGTGCCTGGT-1",1.82895755035911
"TAAGCGTGTTGTTTGG-1",2.0952636775549
"TAAGCGTTCCTCATTA-1",0
"TAAGCGTTCGGCGCAT-1",0
"TAAGCGTTCTCGCATC-1",0
"TAAGTGCAGGCTAGGT-1",3.63611104614398
"TAAGTGCAGTAGCGGT-1",1.89361497818834
"TAAGTGCCAACGCACC-1",1.81376069513352
"TAAGTGCCATACAGCT-1",3.67913230188323
"TAAGTGCGTAAACACA-1",5.10863985638749
"TAAGTGCGTCTCACCT-1",2.27089805024348
"TAAGTGCGTTCAGACT-1",0
"TAAGTGCTCACCCTCA-1",0
"TAAGTGCTCACTGGGC-1",0
"TAAGTGCTCTGGCGTG-1",0
"TACACGACACCCATTC-1",1.83512693114287
"TACACGAGTGATAAAC-1",0
"TACACGATCTGTCTCG-1",0
"TACAGTGAGATGCGAC-1",0.992754634691762
"TACAGTGAGCGTTGCC-1",0
"TACAGTGAGTGTACGG-1",3.93046053621983
"TACAGTGCAGGAATCG-1",1.83159513585076
"TACAGTGCAGGTGCCT-1",1.52655736826815
"TACAGTGGTACTCAAC-1",0
"TACAGTGGTTGGACCC-1",1.79593833030302
"TACCTATAGAGCTGGT-1",0
"TACCTATAGAGTTGGC-1",0
"TACCTATAGGCTCATT-1",1.89601581014423
"TACCTATAGTTAGCGG-1",0
"TACCTATCAAGCTGGA-1",0
"TACCTATGTAAATGAC-1",0.992754634691762
"TACCTATGTAGAGTGC-1",0
"TACCTATGTCACCTAA-1",0
"TACCTATGTGTTGAGG-1",0
"TACCTATGTTAAAGAC-1",0
"TACCTATTCTATGTGG-1",0
"TACCTATTCTTCCTTC-1",0
"TACCTTAAGAGGTTGC-1",1.81376069513352
"TACCTTAAGTCAAGCG-1",2.82015194672496
"TACCTTAAGTGGTCCC-1",1.52458668064213
"TACCTTACAACTGGCC-1",1.68130087784479
"TACCTTACAAGGGTCA-1",0
"TACCTTACACTCAGGC-1",0
"TACCTTACATCTACGA-1",2.27089805024348
"TACCTTAGTAGCGTCC-1",0
"TACCTTAGTCTCCACT-1",1.59896079460985
"TACGGATAGATGGCGT-1",1.5024849469806
"TACGGATAGGTACTCT-1",0
"TACGGATCAGGGATTG-1",0
"TACGGATCATCACCCT-1",1.84897736262192
"TACGGATGTCTAGCCG-1",0
"TACGGATTCGGTGTCG-1",2.09456049715953
"TACGGATTCTACTATC-1",1.81376069513352
"TACGGGCAGGATGCGT-1",1.79593833030302
"TACGGGCAGGGAACGG-1",0
"TACGGGCAGTATTGGA-1",1.89361497818834
"TACGGGCAGTCAAGCG-1",0
"TACGGGCCAAGAAGAG-1",1.89361497818834
"TACGGGCCACCAGATT-1",0
"TACGGGCCATCAGTAC-1",1.64088498456524
"TACGGGCGTAAGGGCT-1",4.86634663520424
"TACGGGCGTCTGATTG-1",3.87562288872671
"TACGGGCGTGATGTGG-1",0
"TACGGGCTCACCTTAT-1",2.78132072999557
"TACGGGCTCAGCTCTC-1",0
"TACGGGCTCCACGAAT-1",0
"TACGGGCTCCTATTCA-1",0
"TACGGGCTCGGTGTTA-1",0
"TACGGTAAGATATGGT-1",0
"TACGGTAAGCCGATTT-1",4.68486739501976
"TACGGTAAGTCATGCT-1",2.38616016791626
"TACGGTAAGTGCCATT-1",0
"TACGGTACACAGGCCT-1",3.59364291746862
"TACGGTACATTTCAGG-1",0
"TACGGTAGTATATCCG-1",3.06726614733138
"TACGGTAGTCACTTCC-1",1.38143907613828
"TACGGTAGTGCAGGTA-1",0
"TACGGTAGTGGGTATG-1",0
"TACGGTATCGCAGGCT-1",0
"TACGGTATCGGACAAG-1",2.78031570370713
"TACGGTATCGTTTATC-1",1.85304836424335
"TACTCATAGTCACGCC-1",0
"TACTCATCAATCTACG-1",1.71633991396968
"TACTCATCACGGTAGA-1",0
"TACTCATCACTTCTGC-1",3.225461650639
"TACTCATCATCCGTGG-1",0
"TACTCATCATGTCGAT-1",0
"TACTCATGTACAGCAG-1",1.94676778204099
"TACTCATGTCTTCAAG-1",0
"TACTCATTCCTTTCTC-1",0
"TACTCGCAGGCGACAT-1",1.0764471048401
"TACTCGCGTCAGAAGC-1",1.75918329879344
"TACTCGCGTCTGATTG-1",1.40673748343183
"TACTCGCGTGTAACGG-1",1.76920366368494
"TACTCGCGTTGAGTTC-1",0
"TACTCGCTCAACGGGA-1",0
"TACTCGCTCCGAATGT-1",0
"TACTTACAGACTAGGC-1",0
"TACTTACAGCTGAACG-1",0
"TACTTACAGTACACCT-1",0
"TACTTACAGTACGCCC-1",2.52298088892371
"TACTTACAGTGATCGG-1",0
"TACTTACCAAGCCGTC-1",0
"TACTTACCACAGGTTT-1",1.41352519036667
"TACTTACTCGCGTTTC-1",0
"TACTTGTAGCGATATA-1",1.70852199121254
"TACTTGTAGTAATCCC-1",0
"TACTTGTCAAACAACA-1",1.84897736262192
"TACTTGTCATGCAACT-1",1.94676778204099
"TACTTGTGTAGCACGA-1",0
"TACTTGTGTATAAACG-1",0
"TACTTGTGTTCCACAA-1",0
"TACTTGTTCTGCAGTA-1",4.35445535714769
"TAGACCAAGAGACGAA-1",0
"TAGACCAAGCCTCGTG-1",0
"TAGACCAAGTCGATAA-1",2.78031570370713
"TAGACCACAACACCCG-1",1.81033167280907
"TAGACCAGTAGATTAG-1",0
"TAGACCAGTTCATGGT-1",1.68130087784479
"TAGACCATCACTTCAT-1",0
"TAGACCATCGTCACGG-1",2.52298088892371
"TAGACCATCTCCAGGG-1",4.93310725381516
"TAGAGCTAGAATTCCC-1",1.79593833030302
"TAGAGCTAGTATTGGA-1",0
"TAGAGCTCACTGAAGG-1",0
"TAGAGCTGTACTTGAC-1",1.6609657208989
"TAGAGCTGTCTAAAGA-1",0
"TAGCCGGAGACTGGGT-1",0
"TAGCCGGAGTCCCACG-1",0
"TAGCCGGAGTGACATA-1",1.5024849469806
"TAGCCGGCAGCAGTTT-1",0
"TAGCCGGGTACAGTGG-1",1.41352519036667
"TAGCCGGGTACCATCA-1",2.60966224193145
"TAGCCGGGTCGCGAAA-1",0.992754634691762
"TAGCCGGTCACGACTA-1",0
"TAGGCATAGAACTGTA-1",0
"TAGGCATAGCTAGGCA-1",0
"TAGGCATAGTCGTACT-1",0
"TAGGCATAGTTTAGGA-1",3.11573053531331
"TAGGCATCAAGCCTAT-1",1.76920366368494
"TAGGCATCAGACGCAA-1",0
"TAGGCATGTACGAAAT-1",0
"TAGGCATGTCCAGTTA-1",2.0952636775549
"TAGGCATGTTCCACTC-1",2.78031570370713
"TAGGCATTCCCTAACC-1",2.27089805024348
"TAGGCATTCGCTAGCG-1",1.41470318139231
"TAGGCATTCGTAGATC-1",1.52655736826815
"TAGGCATTCTTCATGT-1",0
"TAGTGGTAGATCACGG-1",0
"TAGTGGTAGCTGTTCA-1",0
"TAGTGGTCAGTATAAG-1",0
"TAGTGGTGTAGCGTAG-1",2.0952636775549
"TAGTGGTTCAGCATGT-1",2.78628821373635
"TAGTGGTTCGGCGCAT-1",0
"TAGTGGTTCTCAAGTG-1",2.0952636775549
"TAGTGGTTCTGGGCCA-1",0.870344147873255
"TAGTGGTTCTTTAGTC-1",0
"TAGTTGGAGATAGGAG-1",0
"TAGTTGGCAGACGCAA-1",1.52655736826815
"TAGTTGGCATGCGCAC-1",3.49252870942167
"TAGTTGGGTATGGTTC-1",3.14432637501743
"TAGTTGGTCCGAATGT-1",0
"TAGTTGGTCTACTCAT-1",0
"TAGTTGGTCTCTAAGG-1",0
"TAGTTGGTCTGATACG-1",0
"TATCAGGAGAGTAAGG-1",0
"TATCAGGAGATCCGAG-1",1.79593833030302
"TATCAGGAGCAGATCG-1",0
"TATCAGGAGGTGCTTT-1",1.94676778204099
"TATCAGGCAACTTGAC-1",3.06726614733138
"TATCAGGCACGTTGGC-1",1.58155171601472
"TATCAGGGTCCGTTAA-1",1.24162561788252
"TATCAGGGTCTGCAAT-1",3.2239136027817
"TATCAGGGTTAAAGAC-1",1.15214382108101
"TATCAGGTCAAGATCC-1",0
"TATCAGGTCCACTCCA-1",0
"TATCAGGTCGTAGGTT-1",0
"TATCTCAAGAGTTGGC-1",2.78628821373635
"TATCTCAAGCCACCTG-1",1.26485763368178
"TATCTCAAGCGTAATA-1",1.89361497818834
"TATCTCAAGGCTAGCA-1",4.2038558400803
"TATCTCAAGTGGGCTA-1",1.20229542065056
"TATCTCACATGTCCTC-1",1.90862732886202
"TATCTCAGTAACGACG-1",1.49064817827631
"TATCTCAGTACCTACA-1",1.79635756285368
"TATCTCAGTACGACCC-1",1.40673748343183
"TATCTCAGTCAATGTC-1",1.5024849469806
"TATCTCATCAAGCCTA-1",1.45565972513391
"TATGCCCAGAAACCGC-1",0
"TATGCCCAGGTAGCTG-1",3.45358123491796
"TATGCCCCAATGGAAT-1",0
"TATGCCCCACTTAACG-1",0
"TATGCCCCATGTTCCC-1",0
"TATGCCCGTAGCCTCG-1",3.50475406127196
"TATGCCCGTATAGGGC-1",1.85304836424335
"TATGCCCGTATGAAAC-1",2.90772493528414
"TATGCCCGTCGCCATG-1",2.78132072999557
"TATGCCCGTGCCTTGG-1",0
"TATGCCCGTTAAGATG-1",0
"TATGCCCGTTGGTGGA-1",3.66723883868837
"TATGCCCGTTTAGGAA-1",0
"TATTACCAGAGAGCTC-1",0
"TATTACCAGCAAATCA-1",0
"TATTACCAGCCCGAAA-1",5.18936399211166
"TATTACCAGTATCTCG-1",0
"TATTACCCAAAGTGCG-1",1.81376069513352
"TATTACCCAGACAAGC-1",1.90423745265475
"TATTACCCAGTCAGCC-1",0
"TATTACCCATAAAGGT-1",0
"TATTACCCATCTACGA-1",0
"TATTACCGTCCAGTAT-1",1.70852199121254
"TCAACGAAGCCGATTT-1",0
"TCAACGAAGCGATGAC-1",0
"TCAACGAAGGCATGTG-1",1.82895755035911
"TCAACGAAGTAGTGCG-1",0
"TCAACGACACCAGGCT-1",0
"TCAACGACATGCCTTC-1",0.992754634691762
"TCAACGAGTTACCAGT-1",0
"TCAACGAGTTCCATGA-1",5.18936399211166
"TCAACGAGTTCTGGTA-1",6.8989974523604
"TCAACGATCAGTCCCT-1",1.76920366368494
"TCAACGATCTGTGCAA-1",5.17301280301672
"TCAATCTAGATCCCGC-1",1.83159513585076
"TCAATCTCACAAGCCC-1",1.94676778204099
"TCAATCTCACAGCCCA-1",1.71633991396968
"TCAATCTCATGACGGA-1",0
"TCAATCTCATTTGCTT-1",0
"TCAATCTGTAGTGAAT-1",0
"TCAATCTGTTAGATGA-1",0
"TCAATCTTCAGATAAG-1",1.90423745265475
"TCAATCTTCATGTCCC-1",0
"TCACAAGAGACTGGGT-1",0
"TCACAAGAGAGAGCTC-1",0
"TCACAAGAGGCCCTCA-1",3.60921508393703
"TCACAAGAGGTGGGTT-1",0
"TCACAAGAGTAGATGT-1",0
"TCACAAGCAGTATGCT-1",4.35445535714769
"TCACAAGCATAACCTG-1",5.10863985638749
"TCACAAGCATGACATC-1",0
"TCACAAGGTCAGATAA-1",0
"TCACAAGGTGTGGTTT-1",0.944234683245289
"TCACAAGTCATCATTC-1",0
"TCACAAGTCATGCATG-1",1.84897736262192
"TCACGAAAGCTCCTTC-1",0
"TCACGAAAGGTGCTTT-1",0
"TCACGAAAGTCTCGGC-1",0
"TCACGAACACAAGACG-1",0
"TCACGAACACTGTCGG-1",0
"TCACGAAGTGGTCCGT-1",0
"TCACGAAGTTGGTGGA-1",1.81033167280907
"TCACGAATCATGCAAC-1",2.14626690973484
"TCACGAATCCCGACTT-1",0
"TCACGAATCCTCGCAT-1",2.78132072999557
"TCACGAATCGTCACGG-1",2.0952636775549
"TCAGATGAGGTGCACA-1",3.60921508393703
"TCAGATGGTCTTGTCC-1",2.81881149440358
"TCAGATGGTGCCTGCA-1",2.38616016791626
"TCAGATGGTGCTGTAT-1",0
"TCAGATGTCAGTTTGG-1",0
"TCAGATGTCGCATGAT-1",0
"TCAGATGTCTCCTATA-1",0
"TCAGCAAAGGAGTCTG-1",1.26485763368178
"TCAGCAAAGGCTCATT-1",1.26650242824608
"TCAGCAAAGTACGACG-1",1.94676778204099
"TCAGCAAAGTGGCACA-1",1.81457883111854
"TCAGCAACACGCATCG-1",0
"TCAGCAAGTACCGGCT-1",0
"TCAGCAATCAGCGATT-1",5.75542193920835
"TCAGCAATCGGAAACG-1",1.16625372558609
"TCAGCAATCTTCAACT-1",0
"TCAGCTCAGGTGTTAA-1",0
"TCAGCTCAGTATGACA-1",0
"TCAGCTCCAATCTGCA-1",0
"TCAGCTCCACGGTTTA-1",0
"TCAGCTCGTAATAGCA-1",0
"TCAGCTCGTCCGTCAG-1",0
"TCAGCTCGTTCACGGC-1",1.50930994415174
"TCAGCTCTCACGATGT-1",0
"TCAGCTCTCATGCATG-1",4.68486739501976
"TCAGCTCTCCTAAGTG-1",1.66651521998421
"TCAGCTCTCTCGTATT-1",0
"TCAGGATAGACAGAGA-1",0
"TCAGGATAGATATGGT-1",3.225461650639
"TCAGGATCAAACGTGG-1",1.24162561788252
"TCAGGATCAAGTTCTG-1",0
"TCAGGATCACGGTGTC-1",1.35141006662396
"TCAGGATCACTGTGTA-1",1.15214382108101
"TCAGGATCAGCATACT-1",1.58678831255995
"TCAGGATCATCTGGTA-1",0
"TCAGGATGTAAGCACG-1",1.16473445044374
"TCAGGATGTGGCCCTA-1",2.27089805024348
"TCAGGATTCCGATATG-1",2.38616016791626
"TCAGGATTCTCGATGA-1",0
"TCAGGTAAGATGGCGT-1",0
"TCAGGTAAGTGTTTGC-1",0
"TCAGGTACACAAGTAA-1",0
"TCAGGTACACAGAGGT-1",1.15214382108101
"TCAGGTACAGCTGCTG-1",1.52655736826815
"TCAGGTAGTAAACGCG-1",0
"TCATTACAGAAACCAT-1",0
"TCATTACAGGAGTTGC-1",1.84897736262192
"TCATTACAGTTGCAGG-1",0
"TCATTACCACATCCAA-1",1.81033167280907
"TCATTACCAGTCAGCC-1",0
"TCATTACGTACGCACC-1",0
"TCATTACGTCTAGAGG-1",0
"TCATTACGTGAAGGCT-1",0
"TCATTACGTTCTGTTT-1",0
"TCATTACTCATCGATG-1",1.84403241487607
"TCATTTGAGCCAGTTT-1",2.27089805024348
"TCATTTGCACGTCTCT-1",0
"TCATTTGCAGTTAACC-1",0
"TCATTTGTCCAGAGGA-1",1.91649626384902
"TCATTTGTCCCTTGCA-1",1.52655736826815
"TCATTTGTCCGTCAAA-1",0
"TCATTTGTCGCTAGCG-1",0
"TCATTTGTCGTACGGC-1",1.35141006662396
"TCATTTGTCTCTGCTG-1",0
"TCCACACCAAAGAATC-1",1.84403241487607
"TCCACACCACGCCAGT-1",0
"TCCACACGTACAGCAG-1",3.76207093446707
"TCCACACGTAGCCTAT-1",3.14432637501743
"TCCACACGTCATCGGC-1",0
"TCCACACGTGACCAAG-1",2.27089805024348
"TCCACACGTGCGAAAC-1",0
"TCCACACTCAACACCA-1",3.60921508393703
"TCCACACTCCAGTATG-1",0
"TCCACACTCCCATTTA-1",2.03862302633411
"TCCACACTCGAACTGT-1",0
"TCCCGATAGAAGAAGC-1",2.84700354163464
"TCCCGATAGCACAGGT-1",2.27089805024348
"TCCCGATAGCCGGTAA-1",1.75918329879344
"TCCCGATCAAGGTTCT-1",5.75542193920835
"TCCCGATCAGCCAATT-1",0
"TCCCGATCATCCAACA-1",1.53564386274411
"TCCCGATGTAAGGATT-1",1.62694524888205
"TCCCGATGTCAATACC-1",1.84403241487607
"TCCCGATTCAGAAATG-1",0
"TCCCGATTCAGTCCCT-1",0
"TCCCGATTCATCTGTT-1",0
"TCCCGATTCCCTAATT-1",4.81070191534165
"TCCCGATTCTGGAGCC-1",0
"TCGAGGCAGCGATGAC-1",0
"TCGAGGCAGTGTTTGC-1",1.6609657208989
"TCGAGGCCAAAGAATC-1",1.45565972513391
"TCGAGGCCAAGTTCTG-1",1.84403241487607
"TCGAGGCCAGTAACGG-1",1.72084710114249
"TCGAGGCGTATATCCG-1",0
"TCGAGGCTCGCAAGCC-1",1.90862732886202
"TCGAGGCTCTTGAGAC-1",1.89601581014423
"TCGAGGCTCTTTCCTC-1",1.41470318139231
"TCGCGAGAGACAAAGG-1",0
"TCGCGAGAGTGAATTG-1",1.89361497818834
"TCGCGAGCAAGCGTAG-1",0
"TCGCGAGCACCGAATT-1",1.79593833030302
"TCGCGAGCAGTAAGAT-1",0
"TCGCGAGTCCACGAAT-1",4.81070191534165
"TCGCGAGTCTAGCACA-1",1.70852199121254
"TCGCGAGTCTCTAGGA-1",1.7391728066723
"TCGCGAGTCTTCATGT-1",1.50930994415174
"TCGCGTTAGTGGGCTA-1",2.90348846782357
"TCGCGTTCACAGGCCT-1",0
"TCGCGTTCATCACAAC-1",0
"TCGCGTTCATCTCGCT-1",0
"TCGCGTTGTTCACCTC-1",1.6609657208989
"TCGCGTTTCAAGATCC-1",0
"TCGCGTTTCAGGTAAA-1",0
"TCGCGTTTCATTCACT-1",1.64390993462428
"TCGCGTTTCCTGTACC-1",3.53863732233988
"TCGCGTTTCGCCCTTA-1",0
"TCGGGACCACACATGT-1",0
"TCGGGACTCCTTGCCA-1",0
"TCGGGACTCTGCGGCA-1",4.68486739501976
"TCGGGACTCTTGTCAT-1",1.75205563971062
"TCGGTAAAGACAGGCT-1",1.84897736262192
"TCGGTAAAGCTCAACT-1",1.20474335530799
"TCGGTAACAAGCTGAG-1",0
"TCGGTAACAGGAATGC-1",1.83159513585076
"TCGGTAAGTATATGGA-1",2.84700354163464
"TCGGTAAGTCTAGTCA-1",0
"TCGGTAATCCCGGATG-1",0
"TCGTACCAGCAGGCTA-1",1.77365793827803
"TCGTACCAGTTTCCTT-1",0
"TCGTACCGTTTGCATG-1",1.48138821445583
"TCGTACCTCGGGAGTA-1",1.77365793827803
"TCGTAGAAGCTAACTC-1",0
"TCGTAGAAGGCGACAT-1",0
"TCGTAGAAGGGAACGG-1",0
"TCGTAGAAGTCCATAC-1",0
"TCGTAGACAATCCAAC-1",1.89361497818834
"TCGTAGACACTCAGGC-1",1.52458668064213
"TCGTAGAGTATGAATG-1",1.79593833030302
"TCGTAGAGTGAGCGAT-1",0
"TCGTAGAGTGTGTGCC-1",0
"TCGTAGAGTTCAACCA-1",0
"TCGTAGAGTTCCATGA-1",2.09456049715953
"TCGTAGATCCAAGCCG-1",0
"TCGTAGATCTTAGCCC-1",0
"TCTATTGAGCGATTCT-1",0
"TCTATTGAGTGCCATT-1",2.0952636775549
"TCTATTGCACATCTTT-1",2.81016366021036
"TCTATTGGTAAGTGTA-1",1.87281826504998
"TCTATTGGTCCAACTA-1",1.41470318139231
"TCTATTGGTCTGCCAG-1",1.84897736262192
"TCTATTGGTTGCTCCT-1",0
"TCTATTGTCGGCGCTA-1",0
"TCTCATAAGCTAAACA-1",1.69206070452363
"TCTCATAAGCTAGTCT-1",0
"TCTCATAAGTGCCATT-1",2.14161179298545
"TCTCATAGTACCGGCT-1",5.18936399211166
"TCTCATAGTGTAAGTA-1",0
"TCTCATATCAAGCCTA-1",0
"TCTCATATCACCTTAT-1",0
"TCTCATATCCTGTACC-1",0
"TCTCTAAAGACCGGAT-1",1.83159513585076
"TCTCTAAAGGGTGTTG-1",0
"TCTCTAACAGCCTATA-1",0
"TCTCTAAGTCCAGTAT-1",1.24162561788252
"TCTCTAAGTCCATGAT-1",0
"TCTCTAAGTCTCATCC-1",0
"TCTCTAAGTGGAAAGA-1",2.78031570370713
"TCTCTAATCAAACCAC-1",0
"TCTCTAATCACAGGCC-1",0
"TCTCTAATCACATACG-1",1.91649626384902
"TCTCTAATCCGTAGGC-1",1.85304836424335
"TCTCTAATCGTATCAG-1",0.992754634691762
"TCTGAGACAAACCTAC-1",1.85968999653767
"TCTGAGACAGAGTGTG-1",1.68130087784479
"TCTGAGAGTAAGGGAA-1",1.84897736262192
"TCTGAGATCCTTGACC-1",1.7391728066723
"TCTGAGATCTATCCTA-1",0
"TCTGGAAAGCGATGAC-1",0
"TCTGGAAAGCTCTCGG-1",0
"TCTGGAAAGGAGCGAG-1",0
"TCTGGAACACAAGACG-1",1.20229542065056
"TCTGGAACACACTGCG-1",0
"TCTGGAACACTTCTGC-1",1.04413588534703
"TCTGGAAGTGAGTATA-1",0
"TCTTCGGAGGTTCCTA-1",0
"TCTTCGGAGTTCGATC-1",0
"TCTTCGGCAAAGCAAT-1",1.89601581014423
"TCTTCGGCAAAGGTGC-1",2.81881149440358
"TCTTCGGCAATAGCAA-1",1.41470318139231
"TCTTCGGCAATGTAAG-1",1.66651521998421
"TCTTCGGCACACCGAC-1",1.62694524888205
"TCTTCGGCAGCCAATT-1",0
"TCTTCGGGTCATTAGC-1",1.83512693114287
"TCTTCGGTCGTAGGTT-1",2.14161179298545
"TCTTCGGTCTCTAAGG-1",3.81540340720385
"TCTTTCCAGAGAGCTC-1",0
"TCTTTCCAGTCATCCA-1",0
"TCTTTCCCATCTCCCA-1",0
"TCTTTCCGTAATCACC-1",1.45565972513391
"TCTTTCCGTAGTACCT-1",0
"TCTTTCCTCACAACGT-1",0
"TCTTTCCTCAGCTGGC-1",0
"TCTTTCCTCCAAGTAC-1",2.01629094581711
"TCTTTCCTCCTCGCAT-1",1.5024849469806
"TGAAAGAAGCTAAGAT-1",0
"TGAAAGACAAGCCGTC-1",1.79051056185953
"TGAAAGACACATTCGA-1",0
"TGAAAGACATGAGCGA-1",0
"TGAAAGAGTCTAGCGC-1",0
"TGAAAGAGTCTCATCC-1",2.19536866753685
"TGAAAGATCCCGACTT-1",2.03862302633411
"TGAAAGATCTATGTGG-1",1.66651521998421
"TGACAACCAAGCGAGT-1",0
"TGACAACGTAGGGACT-1",4.18846226036446
"TGACAACGTGCGCTTG-1",4.80021621299075
"TGACAACGTGGTTTCA-1",0
"TGACAACTCACAAACC-1",1.90423745265475
"TGACAACTCCACGTGG-1",0
"TGACAACTCGAATGCT-1",1.64088498456524
"TGACGGCAGCGCCTCA-1",1.6609657208989
"TGACGGCAGGCTCAGA-1",1.81033167280907
"TGACGGCAGTCAAGCG-1",2.03862302633411
"TGACGGCCACAGACTT-1",0
"TGACGGCGTCATCCCT-1",1.89601581014423
"TGACGGCTCAGGCGAA-1",0
"TGACGGCTCCACTGGG-1",1.81376069513352
"TGACTAGAGACCCACC-1",0
"TGACTAGAGGGCATGT-1",4.93310725381516
"TGACTAGAGTCTCAAC-1",1.57210853934006
"TGACTAGAGTTGAGAT-1",1.89361497818834
"TGACTAGCAGCATACT-1",0
"TGACTAGCAGTCAGAG-1",0
"TGACTAGCATTTCACT-1",1.6609657208989
"TGACTAGGTAAATACG-1",1.15214382108101
"TGACTAGGTGAAAGAG-1",2.27089805024348
"TGACTAGGTGCAGTAG-1",3.87562288872671
"TGACTAGTCATGCATG-1",0
"TGACTAGTCCATGCTC-1",3.11573053531331
"TGACTAGTCTGTTGAG-1",3.53863732233988
"TGACTTTAGAACAATC-1",0
"TGACTTTAGTCTCGGC-1",5.73525471045408
"TGACTTTAGTTAGGTA-1",0
"TGACTTTCAGTCCTTC-1",0
"TGACTTTCATTATCTC-1",0
"TGACTTTGTCACACGC-1",3.49252870942167
"TGACTTTTCCTCAATT-1",0
"TGACTTTTCTGCCCTA-1",0
"TGAGAGGAGGCTCATT-1",0
"TGAGAGGCAAAGTCAA-1",0
"TGAGAGGCAAGCCATT-1",1.78884874323438
"TGAGAGGCACCATGTA-1",0
"TGAGAGGGTCACTGGC-1",0
"TGAGAGGGTCTAAACC-1",1.84403241487607
"TGAGAGGTCGAACTGT-1",0
"TGAGAGGTCGCGTTTC-1",1.76920366368494
"TGAGAGGTCTGACCTC-1",0
"TGAGCATAGAAACGAG-1",1.52458668064213
"TGAGCATAGAAGCCCA-1",0
"TGAGCATAGATGTCGG-1",1.35141006662396
"TGAGCATAGGAATGGA-1",1.87281826504998
"TGAGCATCACCAGGCT-1",2.19536866753685
"TGAGCATCAGATGAGC-1",0
"TGAGCATCAGCGTAAG-1",1.90423745265475
"TGAGCATCAGCTGTAT-1",3.76207093446707
"TGAGCATGTGGCCCTA-1",4.81070191534165
"TGAGCATTCCACGTTC-1",1.20474335530799
"TGAGCATTCCGATATG-1",1.79593833030302
"TGAGCATTCGGCCGAT-1",0
"TGAGCCGCATCGGGTC-1",1.79593833030302
"TGAGCCGGTCGAACAG-1",4.68486739501976
"TGAGCCGGTGTAATGA-1",1.69206070452363
"TGAGCCGGTTGATTCG-1",1.72084710114249
"TGAGCCGTCATCTGCC-1",0
"TGAGCCGTCGTCACGG-1",1.89361497818834
"TGAGCCGTCTTGAGGT-1",0
"TGAGGGAAGAGACTAT-1",0
"TGAGGGAAGGAGTACC-1",1.66651521998421
"TGAGGGAAGTCATCCA-1",0
"TGAGGGAAGTCATGCT-1",0
"TGAGGGACACCAGTTA-1",1.94676778204099
"TGAGGGACATAAGACA-1",0
"TGAGGGAGTAAACGCG-1",3.07932305313449
"TGAGGGAGTTAGGGTG-1",1.85304836424335
"TGAGGGATCAACGGGA-1",0
"TGAGGGATCTAGCACA-1",1.89361497818834
"TGAGGGATCTCTTATG-1",1.75918329879344
"TGATTTCCATCCGGGT-1",0
"TGATTTCGTAGGCATG-1",2.84700354163464
"TGATTTCGTTAAGACA-1",1.68130087784479
"TGATTTCTCTGATTCT-1",0
"TGCACCTAGACCTTTG-1",0
"TGCACCTAGGACGAAA-1",0
"TGCACCTCAAGTTGTC-1",1.0764471048401
"TGCACCTCAATAGAGT-1",1.50411628685348
"TGCACCTCATCCGGGT-1",1.64390993462428
"TGCACCTGTAATCACC-1",3.11573053531331
"TGCACCTGTCACACGC-1",1.6609657208989
"TGCACCTTCACGGTTA-1",1.90862732886202
"TGCACCTTCATCGGAT-1",0
"TGCACCTTCCGCGGTA-1",0
"TGCACCTTCGAACTGT-1",1.64088498456524
"TGCACCTTCTCTTGAT-1",1.83159513585076
"TGCCAAACAATGTAAG-1",0
"TGCCAAACAATTCCTT-1",0
"TGCCAAAGTTCGCGAC-1",1.0764471048401
"TGCCAAATCCAAACTG-1",1.85968999653767
"TGCCAAATCCCTGACT-1",0
"TGCCAAATCGGCGGTT-1",0
"TGCCCATAGACTAGGC-1",0
"TGCCCATAGCGTCAAG-1",0
"TGCCCATAGCGTGAAC-1",1.5024849469806
"TGCCCATAGCTGTTCA-1",0
"TGCCCATAGGATGGAA-1",0
"TGCCCATAGTACGCCC-1",0
"TGCCCATAGTTGAGTA-1",0
"TGCCCATCACCAGGTC-1",0
"TGCCCATCACGAAATA-1",0
"TGCCCATCAGGACGTA-1",1.89601581014423
"TGCCCATCATGGAATA-1",1.83512693114287
"TGCCCATCATGGATGG-1",3.49252870942167
"TGCCCATGTAGCCTCG-1",0
"TGCCCATTCAAACCGT-1",0
"TGCCCATTCAGGCCCA-1",0
"TGCCCATTCCTTCAAT-1",0
"TGCCCATTCGGAAATA-1",1.69568501583596
"TGCCCTAAGGTCGGAT-1",0
"TGCCCTAAGGTTCCTA-1",2.84700354163464
"TGCCCTACACCACCAG-1",0
"TGCCCTACAGCCACCA-1",0
"TGCCCTACAGTGAGTG-1",0
"TGCCCTAGTCCGAGTC-1",1.20474335530799
"TGCCCTAGTGGTTTCA-1",0
"TGCCCTAGTTTCGCTC-1",6.8989974523604
"TGCCCTATCGACGGAA-1",1.41352519036667
"TGCCCTATCTTCGGTC-1",0
"TGCGCAGAGACTAGGC-1",3.87562288872671
"TGCGCAGAGCACACAG-1",1.69206070452363
"TGCGCAGAGCGTCTAT-1",1.84897736262192
"TGCGCAGAGGAGCGAG-1",0
"TGCGCAGCAAACGTGG-1",1.15214382108101
"TGCGCAGCAGCTCGCA-1",0
"TGCGCAGCAGTAGAGC-1",1.84403241487607
"TGCGCAGTCCTACAGA-1",1.82895755035911
"TGCGGGTAGAGACTTA-1",0
"TGCGGGTAGATCGATA-1",0
"TGCGGGTAGCTCTCGG-1",0
"TGCGGGTAGGTGTGGT-1",5.17301280301672
"TGCGGGTAGTACTTGC-1",0
"TGCGGGTCAATGGAAT-1",1.26485763368178
"TGCGGGTCACACGCTG-1",1.85304836424335
"TGCGGGTCATTGGGCC-1",0
"TGCGGGTGTAGAAAGG-1",0
"TGCGGGTGTCACCTAA-1",0
"TGCGGGTGTCAGATAA-1",3.60921508393703
"TGCGGGTGTTAGAACA-1",0
"TGCGGGTTCAGTTCGA-1",1.89361497818834
"TGCGGGTTCGTAGATC-1",3.11573053531331
"TGCGGGTTCTCTTGAT-1",0
"TGCGTGGAGACGCAAC-1",0
"TGCGTGGAGACTGGGT-1",2.01629094581711
"TGCGTGGCAATTCCTT-1",1.42709102283036
"TGCGTGGGTGCACCAC-1",1.78884874323438
"TGCGTGGTCCGCGCAA-1",0
"TGCGTGGTCGCCCTTA-1",0
"TGCGTGGTCTGGCGAC-1",0
"TGCTACCAGAAAGTGG-1",1.5024849469806
"TGCTACCAGATGGCGT-1",4.81070191534165
"TGCTACCAGCAAATCA-1",1.62138413570584
"TGCTACCAGTCCGTAT-1",0
"TGCTACCCAAGAGGCT-1",0
"TGCTACCCACTTAACG-1",0
"TGCTACCCATCGTCGG-1",0
"TGCTACCCATGGTTGT-1",1.94676778204099
"TGCTACCGTGTGACGA-1",0
"TGCTACCTCCTCGCAT-1",0
"TGCTACCTCTTCTGGC-1",0
"TGCTGCTAGACTAAGT-1",0
"TGCTGCTAGGTGATAT-1",0
"TGCTGCTCAATAGAGT-1",0
"TGCTGCTCACAGACAG-1",1.24162561788252
"TGCTGCTCATCCCATC-1",0
"TGCTGCTCATGGTTGT-1",3.07932305313449
"TGCTGCTGTCATACTG-1",0
"TGCTGCTGTGAAGGCT-1",0
"TGCTGCTTCATTGCGA-1",1.89601581014423
"TGGACGCAGAGGTACC-1",0
"TGGACGCAGTCAAGGC-1",2.60966224193145
"TGGACGCCACAGAGGT-1",0
"TGGACGCCATGGTAGG-1",5.18936399211166
"TGGACGCGTCCGAACC-1",2.52298088892371
"TGGACGCGTCTCCCTA-1",5.73525471045408
"TGGCCAGAGAAGGTGA-1",1.55010236289611
"TGGCCAGAGAGTACAT-1",1.94676778204099
"TGGCCAGAGGCGATAC-1",2.84700354163464
"TGGCCAGAGGCGTACA-1",2.244830820355
"TGGCCAGCAACTGCGC-1",1.83159513585076
"TGGCCAGCACGACTCG-1",1.59896079460985
"TGGCCAGGTCAATACC-1",1.48138821445583
"TGGCCAGTCGTAGATC-1",1.15214382108101
"TGGCCAGTCTATCCCG-1",0
"TGGCGCAAGCTACCTA-1",0
"TGGCGCAAGCTATGCT-1",0
"TGGCGCAAGTGTGGCA-1",0
"TGGCGCAAGTTACCCA-1",3.07932305313449
"TGGCGCACACAGGCCT-1",1.58678831255995
"TGGCGCACACGGATAG-1",0
"TGGCGCACAGCGATCC-1",0
"TGGCGCACATAGGATA-1",0
"TGGCGCAGTACTCTCC-1",0
"TGGCGCAGTGGACGAT-1",2.09456049715953
"TGGCGCAGTTATGTGC-1",0
"TGGCGCATCAAGAAGT-1",1.48138821445583
"TGGCGCATCATGCTCC-1",0
"TGGCGCATCATGTGGT-1",0
"TGGCGCATCATTATCC-1",1.62138413570584
"TGGCGCATCGTGGTCG-1",0
"TGGCTGGAGCGGATCA-1",1.83159513585076
"TGGCTGGAGTGCAAGC-1",0
"TGGCTGGCAAGTTAAG-1",0
"TGGCTGGCACGGATAG-1",2.03862302633411
"TGGCTGGCAGGAACGT-1",1.78141811543332
"TGGCTGGGTCGAGTTT-1",0
"TGGCTGGGTCGGCATC-1",0
"TGGCTGGGTCTAGCCG-1",1.82895755035911
"TGGCTGGGTTACGCGC-1",1.64088498456524
"TGGCTGGGTTGGACCC-1",0
"TGGCTGGTCTCGTTTA-1",1.76920366368494
"TGGGAAGAGATATACG-1",0
"TGGGAAGAGCCCAATT-1",1.83512693114287
"TGGGAAGAGCGCTCCA-1",4.05902129480002
"TGGGAAGAGGGCTTCC-1",0
"TGGGAAGAGTAAGTAC-1",2.09456049715953
"TGGGAAGAGTTAACGA-1",0
"TGGGAAGCAAGGTGTG-1",0
"TGGGAAGCAGATCCAT-1",0
"TGGGAAGCAGCGAACA-1",2.27089805024348
"TGGGAAGGTAAGTTCC-1",2.01629094581711
"TGGGAAGGTTAGATGA-1",5.73525471045408
"TGGGAAGGTTATTCTC-1",0
"TGGGAAGTCCCAAGAT-1",0
"TGGGAAGTCCTTCAAT-1",1.90423745265475
"TGGGAAGTCGTGGACC-1",0
"TGGGAAGTCTCCTATA-1",1.26485763368178
"TGGGCGTAGTCTCCTC-1",0
"TGGGCGTCAGACGTAG-1",0
"TGGGCGTCAGGGATTG-1",1.5024849469806
"TGGGCGTGTCCAAGTT-1",0
"TGGGCGTGTCTAGAGG-1",4.93310725381516
"TGGGCGTGTGGCTCCA-1",0
"TGGGCGTGTTTCGCTC-1",0
"TGGGCGTTCAGCTTAG-1",1.83512693114287
"TGGTTAGAGCTACCTA-1",0
"TGGTTAGAGTTAGGTA-1",1.89361497818834
"TGGTTAGGTGATGATA-1",0
"TGGTTAGGTTCACGGC-1",4.80021621299075
"TGGTTAGTCCCGACTT-1",0
"TGGTTAGTCTTGTATC-1",1.90862732886202
"TGGTTCCAGCCGTCGT-1",0
"TGGTTCCAGTAATCCC-1",0
"TGGTTCCCAAGTTGTC-1",0
"TGGTTCCCAGACAAAT-1",1.90862732886202
"TGGTTCCCAGACAGGT-1",0
"TGGTTCCCAGCTCGAC-1",0
"TGGTTCCCATGTCCTC-1",0
"TGGTTCCCATTTCACT-1",4.93310725381516
"TGGTTCCGTCCAAGTT-1",1.52655736826815
"TGGTTCCTCACATACG-1",2.01629094581711
"TGGTTCCTCAGCTTAG-1",0
"TGGTTCCTCTAACTTC-1",3.67913230188323
"TGGTTCCTCTAGAGTC-1",0
"TGGTTCCTCTGGGCCA-1",2.60966224193145
"TGTATTCAGCCCGAAA-1",6.06023422755885
"TGTATTCAGCGATCCC-1",1.79635756285368
"TGTATTCCAGGGCATA-1",1.78884874323438
"TGTATTCGTAAGAGAG-1",0
"TGTATTCGTTTGTTTC-1",1.84897736262192
"TGTATTCTCAGCATGT-1",1.6609657208989
"TGTATTCTCATCTGTT-1",1.57210853934006
"TGTCCCAAGCAGATCG-1",2.09456049715953
"TGTCCCAAGCTAGTTC-1",0
"TGTCCCAAGCTGAACG-1",1.83159513585076
"TGTCCCAAGTTGTCGT-1",1.5024849469806
"TGTCCCACAGTAAGCG-1",1.52458668064213
"TGTCCCACATCACGTA-1",3.53863732233988
"TGTCCCAGTAAGAGGA-1",1.41470318139231
"TGTCCCAGTAAGTGGC-1",0
"TGTCCCAGTCGGATCC-1",1.84001142025209
"TGTCCCATCATTTGGG-1",1.81376069513352
"TGTCCCATCTGCAAGT-1",1.52655736826815
"TGTCCCATCTGCGTAA-1",0
"TGTGGTAGTCCCGACA-1",1.42709102283036
"TGTGGTAGTGTGAAAT-1",3.94985462974867
"TGTGGTAGTGTGACGA-1",1.69206070452363
"TGTGGTATCCAGGGCT-1",2.78628821373635
"TGTGGTATCTTGCATT-1",1.72084710114249
"TGTGTTTAGAGGTTAT-1",1.26485763368178
"TGTGTTTAGCGTGAGT-1",6.8989974523604
"TGTGTTTAGTGCGTGA-1",2.81881149440358
"TGTGTTTCATGCGCAC-1",0
"TGTGTTTTCTCATTCA-1",0
"TGTGTTTTCTTTCCTC-1",1.62138413570584
"TGTTCCGAGAGCAATT-1",1.89361497818834
"TGTTCCGAGCAACGGT-1",0
"TGTTCCGAGGAATTAC-1",1.59959109262016
"TGTTCCGAGGACTGGT-1",1.78884874323438
"TGTTCCGCAGTGAGTG-1",6.8989974523604
"TGTTCCGGTGAGTATA-1",0
"TGTTCCGTCAAGCCTA-1",0
"TGTTCCGTCAGTTCGA-1",1.41352519036667
"TGTTCCGTCGGCGGTT-1",2.81016366021036
"TGTTCCGTCTGAAAGA-1",0
"TGTTCCGTCTGGTATG-1",0
"TTAACTCAGTGTACGG-1",2.78031570370713
"TTAACTCCAAGCGCTC-1",0
"TTAACTCCAGGCAGTA-1",1.78306268190063
"TTAACTCGTTCCACAA-1",0
"TTAACTCTCATAAAGG-1",1.75205563971062
"TTAACTCTCCCTCAGT-1",0
"TTAGGACAGCAGGCTA-1",1.68058951233203
"TTAGGACAGCTCTCGG-1",3.76207093446707
"TTAGGACCAAGCCATT-1",0
"TTAGGACCAGTCAGAG-1",1.68130087784479
"TTAGGACGTTTGTTTC-1",0
"TTAGGCAAGAAGATTC-1",1.79593833030302
"TTAGGCAAGAGCCCAA-1",1.5024849469806
"TTAGGCAAGAGTGACC-1",1.90423745265475
"TTAGGCAAGGTTCCTA-1",1.56369446183241
"TTAGGCAAGTCGTTTG-1",2.90772493528414
"TTAGGCAAGTGTACCT-1",1.0764471048401
"TTAGGCACAGACGCTC-1",1.89361497818834
"TTAGGCACATGTTCCC-1",0
"TTAGGCAGTAAGGATT-1",4.05902129480002
"TTAGGCAGTAAGTAGT-1",1.83512693114287
"TTAGGCAGTCTTGATG-1",2.03862302633411
"TTAGGCATCACGCATA-1",2.89738566170815
"TTAGGCATCAGTCAGT-1",1.0764471048401
"TTAGGCATCCAGTATG-1",1.89361497818834
"TTAGGCATCGTTACGA-1",0
"TTAGTTCAGGTGCAAC-1",1.69206070452363
"TTAGTTCCAATGTAAG-1",0
"TTAGTTCCATCCTTGC-1",1.41470318139231
"TTAGTTCGTAGCCTAT-1",1.62694524888205
"TTAGTTCGTGCAGACA-1",1.84403241487607
"TTAGTTCGTGTCAATC-1",0
"TTAGTTCGTTGCCTCT-1",1.40673748343183
"TTAGTTCTCAGGCCCA-1",2.27089805024348
"TTAGTTCTCGCAGGCT-1",2.19536866753685
"TTAGTTCTCTACTATC-1",0
"TTATGCTAGAATGTGT-1",0
"TTATGCTAGCACACAG-1",1.20474335530799
"TTATGCTAGCAGCCTC-1",0
"TTATGCTAGTCCCACG-1",1.6609657208989
"TTATGCTCAGCCAGAA-1",3.22688468216008
"TTATGCTCATACCATG-1",5.17301280301672
"TTATGCTCATGTAGTC-1",1.87281826504998
"TTATGCTGTCCGAGTC-1",1.69568501583596
"TTATGCTTCGATAGAA-1",1.85304836424335
"TTCCCAGAGAATTCCC-1",1.90423745265475
"TTCCCAGAGACTAGAT-1",0
"TTCCCAGAGTATCGAA-1",0
"TTCCCAGCAGATGGGT-1",1.59896079460985
"TTCCCAGCATCAGTAC-1",0
"TTCCCAGCATCTCCCA-1",0
"TTCCCAGCATTACCTT-1",0
"TTCCCAGTCAACACTG-1",0
"TTCCCAGTCGAGAGCA-1",0
"TTCGAAGAGTCTCAAC-1",1.73724132094828
"TTCGAAGCAAGCGCTC-1",0
"TTCGAAGCACATTAGC-1",0
"TTCGAAGCACGGTGTC-1",0
"TTCGGTCAGAGGACGG-1",1.89601581014423
"TTCGGTCAGCACACAG-1",3.14432637501743
"TTCGGTCAGGCCCTCA-1",3.2239136027817
"TTCGGTCAGTGAATTG-1",0
"TTCGGTCAGTTGAGAT-1",0.899236510835915
"TTCGGTCCAAGGGTCA-1",0
"TTCGGTCCACGTCAGC-1",0
"TTCGGTCGTAACGTTC-1",0
"TTCGGTCGTAGAGTGC-1",4.80021621299075
"TTCGGTCGTTCATGGT-1",2.78628821373635
"TTCGGTCGTTCTGTTT-1",1.68130087784479
"TTCGGTCTCAAAGACA-1",5.10863985638749
"TTCGGTCTCCAGTATG-1",0
"TTCGGTCTCGCGTTTC-1",2.78132072999557
"TTCGGTCTCGTCTGAA-1",3.53863732233988
"TTCTACAAGACTAAGT-1",1.85968999653767
"TTCTACAAGCAGCCTC-1",0
"TTCTACAAGCCTTGAT-1",1.82895755035911
"TTCTACAAGGCAGGTT-1",1.83159513585076
"TTCTACAAGGTAAACT-1",0
"TTCTACAAGTTAGGTA-1",1.04413588534703
"TTCTACACACGTGAGA-1",0
"TTCTACACAGCTGTTA-1",1.75918329879344
"TTCTACACATCGATTG-1",1.87281826504998
"TTCTACACATTACGAC-1",0
"TTCTACAGTACCGTTA-1",1.40673748343183
"TTCTACAGTATATGAG-1",3.06726614733138
"TTCTACAGTGGCTCCA-1",1.78306268190063
"TTCTACATCAACGGGA-1",3.45358123491796
"TTCTACATCCGCGTTT-1",1.88125508953146
"TTCTCAAAGAAAGTGG-1",0
"TTCTCAAAGAATCTCC-1",0.899236510835915
"TTCTCAAAGAGGTTAT-1",2.84700354163464
"TTCTCAAAGCAGCCTC-1",0
"TTCTCAAAGCCGCCTA-1",0
"TTCTCAAAGTCAATAG-1",0
"TTCTCAAAGTTGAGAT-1",3.12432122554386
"TTCTCAACACCCAGTG-1",2.27089805024348
"TTCTCAACATTGTGCA-1",3.34388249035626
"TTCTCAAGTATAAACG-1",3.50475406127196
"TTCTCAAGTCCCTTGT-1",1.85304836424335
"TTCTCAAGTCGAGATG-1",0
"TTCTCAATCATCGCTC-1",0
"TTCTCAATCCCTAACC-1",0
"TTCTCAATCGTAGGAG-1",0
"TTCTCCTAGAGTAAGG-1",0
"TTCTCCTAGCGACGTA-1",1.35141006662396
"TTCTCCTAGCGTGAGT-1",1.04413588534703
"TTCTCCTAGTCTCGGC-1",2.78628821373635
"TTCTCCTCAACACGCC-1",1.78884874323438
"TTCTCCTCAATAACGA-1",1.04413588534703
"TTCTCCTGTTAAGAAC-1",0
"TTCTCCTTCAGTTCGA-1",1.85304836424335
"TTCTCCTTCCGTAGGC-1",3.07932305313449
"TTCTCCTTCCTTTCTC-1",1.41352519036667
"TTCTCCTTCTGCAAGT-1",1.87281826504998
"TTCTCCTTCTTCAACT-1",1.79593833030302
"TTCTCCTTCTTGTACT-1",0
"TTCTTAGAGGACTGGT-1",0
"TTCTTAGCAAGGTGTG-1",1.84001142025209
"TTCTTAGCATCGGAAG-1",1.52458668064213
"TTCTTAGGTAGAAGGA-1",0
"TTCTTAGGTCATATGC-1",0
"TTCTTAGTCAGTTCGA-1",1.65477614282002
"TTGAACGGTCACTTCC-1",0
"TTGAACGTCATGTCCC-1",0
"TTGACTTAGCCACGTC-1",1.68130087784479
"TTGACTTAGCGACGTA-1",1.26650242824608
"TTGACTTAGTTAACGA-1",3.45358123491796
"TTGACTTCACTTACGA-1",0
"TTGACTTGTCTCTCTG-1",5.73525471045408
"TTGACTTGTGCGATAG-1",0
"TTGACTTTCCAGAGGA-1",1.24162561788252
"TTGACTTTCTGTCCGT-1",0
"TTGCCGTAGGAGCGTT-1",5.75542193920835
"TTGCCGTAGGTGGGTT-1",0
"TTGCCGTCATGGTCAT-1",1.52458668064213
"TTGCGTCAGACAGAGA-1",0
"TTGCGTCAGCTCCTTC-1",1.78141811543332
"TTGCGTCAGTCCATAC-1",1.20474335530799
"TTGCGTCAGTGAATTG-1",1.89601581014423
"TTGCGTCCAAATTGCC-1",1.68130087784479
"TTGCGTCCACTGTGTA-1",0
"TTGCGTCCAGTCACTA-1",0
"TTGCGTCGTCTGATTG-1",2.27089805024348
"TTGGAACAGCCCAATT-1",0
"TTGGAACAGCGTCTAT-1",0.992754634691762
"TTGGAACAGGCGTACA-1",0
"TTGGAACGTATTACCG-1",0
"TTGGAACTCCCATTAT-1",0
"TTGGAACTCCGTAGTA-1",1.81033167280907
"TTGGAACTCGTCCAGG-1",0
"TTGGCAAAGTTAGGTA-1",0
"TTGGCAAGTATAGGTA-1",2.78132072999557
"TTGGCAATCACATGCA-1",0
"TTGGCAATCAGAGCTT-1",0
"TTGGCAATCGCATGAT-1",1.69206070452363
"TTGGCAATCTAGAGTC-1",1.59896079460985
"TTGTAGGAGGTGCTAG-1",0
"TTGTAGGCACACGCTG-1",1.90423745265475
"TTGTAGGGTCTCCCTA-1",0
"TTGTAGGGTGGTAACG-1",1.85304836424335
"TTGTAGGTCGGCGCTA-1",1.90423745265475
"TTGTAGGTCTGCCAGG-1",2.14161179298545
"TTTACTGAGATCACGG-1",0
"TTTACTGCAAAGCAAT-1",0
"TTTACTGCACATGGGA-1",0
"TTTACTGCACCACGTG-1",0
"TTTACTGCATGGGACA-1",2.244830820355
"TTTACTGCATGTCCTC-1",0
"TTTACTGGTAACGTTC-1",0
"TTTACTGGTGGTGTAG-1",0
"TTTACTGGTTCGCTAA-1",5.75542193920835
"TTTACTGTCTGGAGCC-1",3.34388249035626
"TTTATGCAGACTGTAA-1",0
"TTTATGCAGATGCGAC-1",2.0952636775549
"TTTATGCAGGCAAAGA-1",3.76207093446707
"TTTATGCAGGCCCGTT-1",3.09838401062459
"TTTATGCAGTTCCACA-1",6.8989974523604
"TTTATGCCAAACGCGA-1",3.59364291746862
"TTTATGCCAATCTGCA-1",1.41352519036667
"TTTATGCCACAGGTTT-1",2.84700354163464
"TTTATGCCAGCCAATT-1",0
"TTTATGCCAGGTCGTC-1",3.34388249035626
"TTTATGCCATGGTCAT-1",1.78306268190063
"TTTATGCTCACATAGC-1",0
"TTTATGCTCACCTTAT-1",0
"TTTATGCTCGGCGGTT-1",3.27955030694188
"TTTATGCTCTCGCTTG-1",1.24162561788252
"TTTCCTCAGCGTGAAC-1",0
"TTTCCTCAGGACTGGT-1",1.73724132094828
"TTTCCTCCAAAGTGCG-1",0
"TTTCCTCCAGGAATGC-1",0
"TTTCCTCCATTAGCCA-1",1.64088498456524
"TTTCCTCGTCCGAAGA-1",1.70852199121254
"TTTCCTCGTCGCTTTC-1",0
"TTTCCTCTCGGCCGAT-1",0
"TTTCCTCTCGTGTAGT-1",0
"TTTGCGCAGCTAAACA-1",1.81033167280907
"TTTGCGCAGCTAGTCT-1",1.84403241487607
"TTTGCGCAGGCCGAAT-1",3.11573053531331
"TTTGCGCAGTCAAGGC-1",0
"TTTGCGCCAAGTAGTA-1",1.84403241487607
"TTTGCGCCAGGTGCCT-1",1.41352519036667
"TTTGCGCGTCTAAACC-1",1.84403241487607
"TTTGCGCTCAAAGTAG-1",4.93310725381516
"TTTGCGCTCATGTAGC-1",1.70852199121254
"TTTGGTTAGAATGTGT-1",2.244830820355
"TTTGGTTAGACAATAC-1",0
"TTTGGTTAGCGATTCT-1",0
"TTTGGTTAGGCTCAGA-1",0
"TTTGGTTAGTTACCCA-1",0
"TTTGGTTCAAACTGCT-1",2.19536866753685
"TTTGGTTCAAGCTGTT-1",3.49252870942167
"TTTGGTTCAGATCGGA-1",0
"TTTGGTTCATCACAAC-1",1.41470318139231
"TTTGGTTGTACTTCTT-1",2.19536866753685
"TTTGGTTGTATGCTTG-1",0
"TTTGGTTGTGCTTCTC-1",0
"TTTGGTTTCATGCTCC-1",1.04413588534703
"TTTGGTTTCCCTGACT-1",4.81070191534165
"TTTGTCAAGAGTCGGT-1",1.81376069513352
"TTTGTCACAAGTTCTG-1",3.90254129691314
"TTTGTCACAAGTTGTC-1",0
"TTTGTCATCACCTTAT-1",0
"TTTGTCATCCATTCTA-1",1.5024849469806
"TTTGTCATCCTTAATC-1",0
"TTTGTCATCTTATCTG-1",0
