"cell_barcode","expression"
"AAACCTGAGACAGAGA-1",2.52959946373823
"AAACCTGAGACTTTCG-1",5.12326205286471
"AAACCTGAGAGTAAGG-1",5.50708485881088
"AAACCTGAGAGTCGGT-1",0
"AAACCTGAGGATGGAA-1",2.6381292553027
"AAACCTGAGTAGATGT-1",6.34624745502514
"AAACCTGCAATCAGAA-1",1.95401084829981
"AAACCTGCACCGATAT-1",7.76786380312766
"AAACCTGCAGACGTAG-1",1.97242949798354
"AAACCTGCAGTATCTG-1",1.54981001079568
"AAACCTGCATAGTAAG-1",1.99844174348819
"AAACCTGCATGAACCT-1",5.75592616738844
"AAACCTGGTAAGAGGA-1",5.30125139636101
"AAACCTGGTCCAACTA-1",1.7706907932308
"AAACCTGTCCGTAGTA-1",1.66200281472335
"AAACCTGTCGAGAGCA-1",3.75099424198234
"AAACGGGAGTACGACG-1",0
"AAACGGGCAAGGTTTC-1",3.50556314289915
"AAACGGGCACGTCAGC-1",6.55728514483281
"AAACGGGCAGCGTTCG-1",4.89111809523416
"AAACGGGGTAGCCTCG-1",2.6665066901071
"AAACGGGGTCTACCTC-1",5.61520617666837
"AAACGGGGTGCGGTAA-1",1.66269508910763
"AAACGGGGTTGTCGCG-1",1.97242949798354
"AAACGGGTCCATGAGT-1",8.42091193902524
"AAACGGGTCCCAACGG-1",0
"AAACGGGTCCCATTAT-1",2.68646607528998
"AAAGATGCAGTCAGCC-1",9.72702334706759
"AAAGATGCATCTACGA-1",0
"AAAGCAAAGCGTCTAT-1",2.15972018187776
"AAAGCAACATGTCGAT-1",1.85896912177411
"AAAGCAAGTAGCTGCC-1",1.8964969142605
"AAAGCAAGTAGGCATG-1",1.90277992121162
"AAAGCAAGTGCGCTTG-1",1.81763797610274
"AAAGCAAGTTATTCTC-1",3.3431972370061
"AAAGCAATCCGTAGTA-1",3.19094643895283
"AAAGTAGAGATGTGTA-1",0
"AAAGTAGAGTGGGCTA-1",1.686659743766
"AAAGTAGGTATATGGA-1",5.79672643767442
"AAAGTAGGTGAGCGAT-1",3.31367240471796
"AAAGTAGGTTGAGGTG-1",6.90625174106048
"AAATGCCAGCCCTAAT-1",5.99695364105198
"AAATGCCAGCGTGTCC-1",4.47579713382757
"AAATGCCCAACACCTA-1",5.06098996627479
"AAATGCCGTAGGAGTC-1",8.0890403972216
"AAATGCCGTCTTTCAT-1",2.06582408852915
"AAATGCCGTGGTCCGT-1",7.11541539024388
"AAATGCCGTTCCCGAG-1",5.57383059815256
"AAATGCCTCATAGCAC-1",3.88305857094354
"AAATGCCTCGCTTAGA-1",7.76786380312766
"AACACGTAGAATTCCC-1",2.17772677866473
"AACACGTAGCCCTAAT-1",0
"AACACGTAGGGTGTGT-1",5.22305985149321
"AACACGTCACTGTCGG-1",2.36886241630851
"AACACGTCATCCCATC-1",1.58802651512561
"AACACGTGTGCAACGA-1",3.13031181871514
"AACACGTGTGTCGCTG-1",1.58802651512561
"AACCATGAGCGCTTAT-1",1.89794210856257
"AACCATGGTCCGTTAA-1",1.8964969142605
"AACCATGTCAGTTCGA-1",5.38079953381887
"AACCATGTCATCGATG-1",3.33832560334712
"AACCATGTCCCAAGTA-1",1.50629793178557
"AACCGCGAGAAGCCCA-1",1.686659743766
"AACCGCGAGACTGGGT-1",3.3431972370061
"AACCGCGAGAGGTACC-1",2.02880853123836
"AACCGCGAGTTAGGTA-1",0
"AACCGCGAGTTGCAGG-1",6.22521171867147
"AACCGCGCACGGTAGA-1",5.8747593405452
"AACCGCGCAGCATGAG-1",3.20385979477369
"AACCGCGCAGCCTGTG-1",0
"AACCGCGCAGCTGTGC-1",3.87597844655432
"AACCGCGCAGTATGCT-1",5.79672643767442
"AACCGCGGTACTTGAC-1",10.5958554347589
"AACCGCGGTCTGCAAT-1",8.65758801553556
"AACCGCGTCACATGCA-1",1.70815189712004
"AACCGCGTCACCGTAA-1",1.90716114638537
"AACCGCGTCCAGAGGA-1",7.95513670018626
"AACCGCGTCCGAAGAG-1",4.0448852613879
"AACGTTGAGCGATAGC-1",0
"AACGTTGAGCGATCCC-1",0
"AACGTTGAGCTTATCG-1",3.87597844655432
"AACGTTGCAAGTTGTC-1",7.50541472257781
"AACGTTGCAATAGAGT-1",1.7706907932308
"AACGTTGCAATGGATA-1",3.30436825204165
"AACGTTGCATGGATGG-1",6.3810078699306
"AACGTTGCATTCTCAT-1",7.28585146477814
"AACGTTGTCAACACGT-1",6.87942358512539
"AACGTTGTCGAGGTAG-1",3.63767801554698
"AACGTTGTCGGTCCGA-1",4.33859955816781
"AACTCAGAGAGCTATA-1",4.53146597516493
"AACTCAGAGAGTCGGT-1",1.78884874323438
"AACTCAGAGCCACCTG-1",1.5282513498452
"AACTCAGAGCCCAATT-1",8.42091193902524
"AACTCAGCAAACAACA-1",1.50629793178557
"AACTCAGCACAAGCCC-1",5.30231746960932
"AACTCAGCACGGTTTA-1",8.17757303975716
"AACTCAGCAGGATCGA-1",6.90729502331184
"AACTCAGCATAAAGGT-1",3.43884216718795
"AACTCAGGTTCCACAA-1",5.68094474546824
"AACTCAGTCGTACCGG-1",0
"AACTCCCAGCCCAGCT-1",0
"AACTCCCAGCTAAGAT-1",4.71092307024775
"AACTCCCCATGGTCTA-1",8.65758801553556
"AACTCCCGTTGCGCAC-1",3.31367240471796
"AACTCCCTCAAGAAGT-1",7.61890752815158
"AACTCCCTCAAGCCTA-1",1.95401084829981
"AACTCCCTCATCGCTC-1",3.30829494565913
"AACTCCCTCTGCAGTA-1",5.65381273752266
"AACTCCCTCTGGCGTG-1",4.54561814904444
"AACTCTTAGCAGACTG-1",6.14323601479672
"AACTCTTAGTCCGGTC-1",2.12261371354504
"AACTCTTCATGCTAGT-1",0
"AACTCTTGTCGAATCT-1",3.61319198064713
"AACTCTTGTCGGGTCT-1",1.66269508910763
"AACTCTTTCTCAAACG-1",1.78306268190063
"AACTCTTTCTCCAGGG-1",4.61247893810959
"AACTCTTTCTCTGCTG-1",1.85441043418972
"AACTGGTAGAAGATTC-1",5.95753006875513
"AACTGGTAGAGACTAT-1",7.1328009411073
"AACTGGTAGCCAACAG-1",0
"AACTGGTAGTGTACTC-1",2.1065965598764
"AACTGGTCACTGAAGG-1",3.71151587742822
"AACTGGTGTCCGAACC-1",0
"AACTGGTTCGGAGCAA-1",8.0890403972216
"AACTGGTTCGTGGGAA-1",6.71420489060857
"AACTGGTTCTGCTTGC-1",2.12520704909252
"AACTTTCAGCGTGAAC-1",0
"AACTTTCAGTATCTCG-1",3.81641869607421
"AACTTTCAGTTTCCTT-1",3.71101637328233
"AACTTTCCATCCTTGC-1",6.72826379291127
"AACTTTCGTCTAGAGG-1",4.9931306996088
"AACTTTCGTCTCTTTA-1",5.95753006875513
"AACTTTCGTTTGTTTC-1",6.35824392662605
"AAGACCTAGGGCTTCC-1",0
"AAGACCTAGTACACCT-1",3.70912950534404
"AAGACCTGTATATGAG-1",5.26236744106244
"AAGACCTGTATCAGTC-1",2.05447253035063
"AAGACCTGTCCGTGAC-1",2.68646607528998
"AAGACCTGTCGAAAGC-1",5.50708485881088
"AAGACCTTCGCCATAA-1",4.47579713382757
"AAGCCGCAGATCTGAA-1",5.96895549742153
"AAGCCGCAGGGTGTTG-1",1.8964969142605
"AAGCCGCAGTGGACGT-1",6.82184275936872
"AAGCCGCAGTGTACTC-1",3.48892558142103
"AAGCCGCCACGCTTTC-1",1.22711740621255
"AAGCCGCCAGGACGTA-1",4.69333323780629
"AAGCCGCGTACAGTTC-1",7.50541472257781
"AAGCCGCGTCATTAGC-1",5.06098996627479
"AAGCCGCTCACGAAGG-1",5.82002152254403
"AAGCCGCTCAGTTAGC-1",0
"AAGCCGCTCGCAAACT-1",3.54487782838931
"AAGCCGCTCGTCGTTC-1",5.54168530284554
"AAGCCGCTCTTACCGC-1",6.14323601479672
"AAGGAGCAGAAACCGC-1",4.29043146787456
"AAGGAGCAGGCATGTG-1",3.34109366849201
"AAGGAGCAGGCGCTCT-1",2.51894771481597
"AAGGAGCAGTTGAGTA-1",3.63767801554698
"AAGGAGCCACGGCGTT-1",7.07482112769382
"AAGGAGCGTCTGCAAT-1",3.05662369179892
"AAGGAGCTCGTCTGCT-1",3.39328322585399
"AAGGCAGAGAACTGTA-1",2.1945553690584
"AAGGCAGAGAGATGAG-1",3.87597844655432
"AAGGCAGAGGTGATAT-1",2.15094959722266
"AAGGCAGCATAGTAAG-1",3.55928930533807
"AAGGCAGGTACTTCTT-1",0
"AAGGCAGGTGTGCCTG-1",2.85925810294485
"AAGGCAGTCAGATAAG-1",8.42091193902524
"AAGGCAGTCGGAATCT-1",0
"AAGGTTCAGTATCTCG-1",3.60152622440256
"AAGGTTCCATCACGTA-1",2.52223698344366
"AAGGTTCGTATATGGA-1",6.14323601479672
"AAGGTTCGTCCGAATT-1",3.83415189914309
"AAGGTTCGTCGACTAT-1",1.29100395438662
"AAGGTTCGTGTGACCC-1",1.63255280174334
"AAGGTTCTCCGTCATC-1",3.45120370702587
"AAGGTTCTCCTCGCAT-1",8.65758801553556
"AAGGTTCTCTGCGGCA-1",6.32481345777745
"AAGTCTGAGCCATCGC-1",0
"AAGTCTGAGTCAAGCG-1",2.1065965598764
"AAGTCTGCAAAGGAAG-1",5.61520617666837
"AAGTCTGGTCAGCTAT-1",1.78306268190063
"AAGTCTGTCAAACAAG-1",4.29043146787456
"AAGTCTGTCACTGGGC-1",2.68646607528998
"AAGTCTGTCAGCAACT-1",6.43893212081049
"AATCCAGCAAAGTGCG-1",0
"AATCCAGCAGCATACT-1",4.1778919504511
"AATCCAGGTAGGCATG-1",1.5282513498452
"AATCCAGGTCTCCCTA-1",6.29830044702491
"AATCCAGTCCGAATGT-1",2.85249544891478
"AATCGGTAGGCATGGT-1",6.34624745502514
"AATCGGTTCCTGTACC-1",3.25559515334516
"AATCGGTTCGCCGTGA-1",2.90599769180423
"ACACCAAAGATGAGAG-1",7.34078044140102
"ACACCAAAGCCCTAAT-1",5.62523653646304
"ACACCAAAGGATGGTC-1",6.0874943284225
"ACACCAAAGTGTCCAT-1",1.77365793827803
"ACACCAACACTTCGAA-1",1.95401084829981
"ACACCAACAGACGCTC-1",3.10904702582141
"ACACCAACAGCCTATA-1",1.66200281472335
"ACACCAAGTCGCGTGT-1",5.02779049271214
"ACACCAAGTCTAAACC-1",1.50629793178557
"ACACCAAGTTATGTGC-1",9.14008117999578
"ACACCAATCGCGTTTC-1",0
"ACACCCTAGCCAGGAT-1",2.85249544891478
"ACACCCTAGTACTTGC-1",0.874641236301441
"ACACCCTCAAGCGCTC-1",4.9931306996088
"ACACCCTCATCACAAC-1",6.22521171867147
"ACACCCTCATGCCCGA-1",6.76440561468447
"ACACCCTGTCTGGTCG-1",11.2963219195727
"ACACCCTTCCGCAAGC-1",5.48659019213534
"ACACCCTTCCTTGCCA-1",3.45410714944987
"ACACCCTTCTATCCTA-1",5.20119056129781
"ACACCCTTCTGGCGTG-1",7.32234926105612
"ACACCGGAGGCTCAGA-1",1.90277992121162
"ACACCGGAGTGACATA-1",1.42564878117569
"ACACCGGAGTTACCCA-1",5.85755209543355
"ACACCGGCACCAGATT-1",4.61247893810959
"ACACCGGCACCGAAAG-1",3.39289139300417
"ACACCGGCATCACAAC-1",6.90729502331184
"ACACCGGTCCGCATAA-1",5.95111140304902
"ACACCGGTCTCGGACG-1",6.0874943284225
"ACACCGGTCTCTGTCG-1",3.10826892114673
"ACACTGAAGCACGCCT-1",4.29043146787456
"ACACTGAAGGTGATTA-1",6.45312112602068
"ACACTGACAATAGAGT-1",0
"ACACTGACAGACTCGC-1",3.44693554777222
"ACACTGACATCCAACA-1",2.15094959722266
"ACACTGAGTCCGAAGA-1",3.30436825204165
"ACACTGAGTGTTTGTG-1",3.45410714944987
"ACACTGAGTTTGACTG-1",3.47444918348479
"ACAGCCGAGGAATGGA-1",11.0585577675074
"ACAGCCGAGGCCCGTT-1",3.59084799387181
"ACAGCCGAGGTGCTTT-1",3.22856195570486
"ACAGCCGAGTGGTAGC-1",1.81763797610274
"ACAGCCGCATATACGC-1",0
"ACAGCCGCATGCAACT-1",3.17919375523003
"ACAGCCGGTAGGGTAC-1",1.84179578144619
"ACAGCCGGTCGAATCT-1",1.52206179063153
"ACAGCCGGTTCACCTC-1",0
"ACAGCCGGTTCCACTC-1",3.13031181871514
"ACAGCCGTCCAGAAGG-1",1.54981001079568
"ACAGCCGTCTTTACAC-1",3.08899797597969
"ACAGCTAAGCACCGCT-1",1.42564878117569
"ACAGCTAAGTATCTCG-1",1.8444805688076
"ACAGCTAAGTGTTGAA-1",3.93904402579597
"ACAGCTACATCGTCGG-1",1.66269508910763
"ACAGCTAGTCGACTAT-1",1.81333117234219
"ACAGCTAGTGGTACAG-1",1.50629793178557
"ACAGCTATCACCACCT-1",3.79658382971711
"ACAGCTATCTGCTTGC-1",6.43893212081049
"ACATACGAGAGCTTCT-1",3.39289139300417
"ACATACGAGCGTAGTG-1",1.52206179063153
"ACATACGAGCTTCGCG-1",0
"ACATACGAGCTTTGGT-1",3.53735554110615
"ACATACGCAAACGTGG-1",2.17772677866473
"ACATACGCAAGCCTAT-1",1.80606827324287
"ACATACGCATCTCCCA-1",1.73071383450644
"ACATACGCATTCTCAT-1",1.22711740621255
"ACATACGGTAGGAGTC-1",3.8436492165927
"ACATACGGTGCACCAC-1",8.08973885178154
"ACATACGGTGGTTTCA-1",1.09595271263235
"ACATACGTCGTATCAG-1",2.67110542125041
"ACATCAGAGCCACTAT-1",1.63687268336829
"ACATCAGAGCCTTGAT-1",4.47579713382757
"ACATCAGCAACACCCG-1",2.90599769180423
"ACATCAGCAACGATGG-1",1.77365793827803
"ACATCAGCAATTGCTG-1",12.1337064296966
"ACATCAGCACCGGAAA-1",4.53146597516493
"ACATCAGCATAAAGGT-1",1.90277992121162
"ACATCAGCATCCCACT-1",3.10826892114673
"ACATCAGCATTTGCCC-1",5.65381273752266
"ACATCAGGTAAGGATT-1",6.14323601479672
"ACATCAGGTCCGTGAC-1",2.68708489041059
"ACATCAGGTTAAGTAG-1",3.66691393951051
"ACATCAGTCAAACCGT-1",2.68646607528998
"ACATGGTAGCATGGCA-1",5.96895549742153
"ACATGGTAGCTGTTCA-1",0
"ACATGGTCACTTGGAT-1",0
"ACATGGTGTCAGATAA-1",6.01949796717968
"ACATGGTGTCTGCGGT-1",6.29830044702491
"ACATGGTGTGCAACTT-1",6.79111808363433
"ACATGGTTCCGCAAGC-1",3.61275527201591
"ACATGGTTCCTCCTAG-1",3.95792485861803
"ACATGGTTCTGGAGCC-1",1.29100395438662
"ACATGGTTCTTCTGGC-1",3.56793077237824
"ACCAGTAAGATCACGG-1",2.05447253035063
"ACCAGTAAGCTTCGCG-1",5.75592616738844
"ACCAGTACACAGATTC-1",5.55554841953319
"ACCAGTACACAGGCCT-1",5.68410631620477
"ACCAGTACAGTATGCT-1",0
"ACCAGTACAGTCAGAG-1",5.88805150494887
"ACCAGTACAGTTTACG-1",8.65758801553556
"ACCAGTAGTCACCCAG-1",1.95401084829981
"ACCAGTAGTCCATCCT-1",3.63287376857714
"ACCAGTAGTCTTCAAG-1",1.95401084829981
"ACCAGTAGTGGACGAT-1",5.04980472153499
"ACCAGTATCTGCGACG-1",5.52873365758682
"ACCAGTATCTGCTTGC-1",2.05447253035063
"ACCAGTATCTGTTTGT-1",1.96448062371802
"ACCCACTAGAGGTTAT-1",5.99695364105198
"ACCCACTAGATCCCGC-1",2.29087922016553
"ACCCACTAGATGTGTA-1",10.0665683410717
"ACCCACTAGCCCAATT-1",1.40906951443495
"ACCCACTCAAGGGTCA-1",3.85137049913074
"ACCCACTCAAGGTTCT-1",5.96895549742153
"ACCCACTGTAAATGAC-1",5.8747593405452
"ACCCACTGTAGCCTCG-1",2.12261371354504
"ACCCACTGTCAAAGAT-1",3.45334576091502
"ACCCACTGTCAATACC-1",3.73618048622414
"ACCCACTGTGTGGTTT-1",3.55131355478711
"ACCCACTTCGCAAACT-1",1.686659743766
"ACCCACTTCTGCCAGG-1",6.84980914318613
"ACCGTAACAATCGGTT-1",1.77609937832505
"ACCGTAACAATCTACG-1",1.78884874323438
"ACCGTAACAGGTCCAC-1",8.36990631778585
"ACCGTAAGTACAGCAG-1",3.4652757373014
"ACCGTAAGTCATGCAT-1",3.14098897022177
"ACCGTAAGTGAGTGAC-1",7.01658929208851
"ACCGTAAGTTAAGAAC-1",3.50556314289915
"ACCGTAAGTTCCGTCT-1",1.5240247353639
"ACCGTAATCACATAGC-1",5.95753006875513
"ACCGTAATCATGTGGT-1",3.10826892114673
"ACCGTAATCTGAAAGA-1",2.39155582030483
"ACCTTTACAATCGGTT-1",1.99844174348819
"ACCTTTACACGGACAA-1",1.55185924223159
"ACCTTTACAGCAGTTT-1",5.24533464436378
"ACCTTTACATGCAACT-1",3.52457825845656
"ACCTTTACATTTCAGG-1",2.59183417558456
"ACCTTTAGTGAACCTT-1",9.14008117999578
"ACCTTTAGTTCCACTC-1",5.85755209543355
"ACCTTTATCTCTAGGA-1",2.53058667573078
"ACGAGCCAGGCAGGTT-1",3.05452682112972
"ACGAGCCCACAGGCCT-1",2.67110542125041
"ACGAGCCCATGGAATA-1",4.29043146787456
"ACGAGCCGTGCACGAA-1",1.58802651512561
"ACGAGCCGTGTGACCC-1",2.15972018187776
"ACGAGCCGTTGGTTTG-1",1.5282513498452
"ACGAGCCTCAGTCCCT-1",1.81118739678147
"ACGAGCCTCGCAAACT-1",3.70694615053053
"ACGAGGACACTACAGT-1",1.54981001079568
"ACGAGGACATGTAGTC-1",2.90599769180423
"ACGAGGAGTACACCGC-1",5.26236744106244
"ACGAGGAGTGCCTGCA-1",1.63255280174334
"ACGAGGAGTTCTGAAC-1",4.1778919504511
"ACGAGGATCTGCGGCA-1",1.95401084829981
"ACGATACAGAGTGACC-1",0
"ACGATACAGCGCCTTG-1",8.87884264800688
"ACGATACCACGTTGGC-1",1.63255280174334
"ACGATACCATTGGGCC-1",1.31660881005734
"ACGATACGTCGAATCT-1",1.80267569149187
"ACGATACTCTGACCTC-1",2.90599769180423
"ACGATGTAGTGCGATG-1",8.76519550585528
"ACGATGTAGTTGAGAT-1",3.3431972370061
"ACGATGTCAACGCACC-1",5.5587344349254
"ACGATGTCACACGCTG-1",0
"ACGATGTGTATTCTCT-1",5.59832546037786
"ACGATGTGTCAGTGGA-1",4.29043146787456
"ACGATGTGTGACTACT-1",0
"ACGATGTGTGTCGCTG-1",3.45116152691859
"ACGATGTTCGCGTAGC-1",1.78059725485862
"ACGATGTTCTCTTATG-1",1.80606827324287
"ACGCAGCAGCGGCTTC-1",5.55117233725218
"ACGCAGCAGCTGCGAA-1",4.36259489967003
"ACGCAGCAGTGTACGG-1",6.37952345510127
"ACGCAGCCACCTCGTT-1",5.12326205286471
"ACGCAGCCATCGACGC-1",3.47444918348479
"ACGCAGCCATTACCTT-1",10.3440272607819
"ACGCAGCGTCCATGAT-1",4.90498535612443
"ACGCAGCGTCTACCTC-1",7.32234926105612
"ACGCAGCGTCTGGTCG-1",2.89368845639012
"ACGCAGCGTGCGATAG-1",5.88243616058153
"ACGCCAGCAAAGCAAT-1",0
"ACGCCAGCAACGCACC-1",1.55185924223159
"ACGCCAGCACGAGAGT-1",7.95513670018626
"ACGCCAGCAGTGAGTG-1",2.20007408950475
"ACGCCAGGTGCACTTA-1",2.91640602811378
"ACGCCAGGTGTGCGTC-1",7.32234926105612
"ACGCCAGTCACAGGCC-1",6.32481345777745
"ACGCCAGTCAGTGTTG-1",5.61520617666837
"ACGCCGAAGAAACGCC-1",3.53033872396598
"ACGCCGAAGATCTGCT-1",2.67110542125041
"ACGCCGACAGCCTGTG-1",1.52206179063153
"ACGCCGAGTTCCAACA-1",6.14323601479672
"ACGCCGATCCTATGTT-1",6.01949796717968
"ACGCCGATCGCAGGCT-1",5.54168530284554
"ACGCCGATCTTGTATC-1",3.43633750279593
"ACGGAGAAGCCAGTTT-1",0
"ACGGAGACACACATGT-1",1.09595271263235
"ACGGAGACAGCCTGTG-1",3.8436492165927
"ACGGAGACAGCGTAAG-1",0
"ACGGAGACAGTAAGCG-1",3.10826892114673
"ACGGAGAGTGTGACGA-1",4.19605739344798
"ACGGAGATCCACGAAT-1",7.68207862320632
"ACGGCCACACATCCAA-1",1.34570908100481
"ACGGCCACACATTCGA-1",2.90599769180423
"ACGGCCAGTACCGTAT-1",0
"ACGGCCAGTGTATGGG-1",4.47579713382757
"ACGGCCATCACGGTTA-1",5.77998335472807
"ACGGCCATCAGTGTTG-1",6.71420489060857
"ACGGCCATCTACTATC-1",3.44693554777222
"ACGGGCTAGGATCGCA-1",8.30081275267306
"ACGGGCTAGGTTCCTA-1",1.77365793827803
"ACGGGCTAGTGGCACA-1",3.75099424198234
"ACGGGCTCATCTGGTA-1",2.05447253035063
"ACGGGCTGTGAGGCTA-1",9.72702334706759
"ACGGGCTTCCGAACGC-1",0
"ACGGGTCAGATGCCAG-1",3.39289139300417
"ACGGGTCCATGATCCA-1",1.63687268336829
"ACGGGTCCATTAGGCT-1",5.8747593405452
"ACGGGTCCATTTCACT-1",6.76440561468447
"ACGGGTCGTTAGGGTG-1",0
"ACGGGTCTCAACACCA-1",3.30436825204165
"ACGGGTCTCCACGCAG-1",4.95076651368352
"ACGTCAAAGGGCTTCC-1",0
"ACGTCAAAGTGGTAAT-1",3.3431972370061
"ACGTCAACAACTGCGC-1",6.05077964122657
"ACGTCAACACAAGACG-1",6.12371551958468
"ACGTCAAGTAGCTCCG-1",5.99695364105198
"ACGTCAAGTGTCGCTG-1",4.10371037462655
"ACGTCAAGTTATGCGT-1",3.3304072656543
"ACGTCAATCAACCAAC-1",1.54981001079568
"ACGTCAATCATAACCG-1",6.0874943284225
"ACGTCAATCCAGAAGG-1",3.83415189914309
"ACGTCAATCTAACTCT-1",4.62602382204575
"ACTATCTAGAGGTTAT-1",0
"ACTATCTAGATACACA-1",4.29043146787456
"ACTATCTAGGAGTAGA-1",6.14839005420172
"ACTATCTAGGCATGTG-1",0
"ACTATCTCAAATACAG-1",1.83956601435704
"ACTATCTCAAATTGCC-1",0
"ACTATCTGTAGGGACT-1",5.26236744106244
"ACTATCTGTCGCGTGT-1",1.66477614270494
"ACTATCTGTGCACGAA-1",3.00321462531973
"ACTATCTGTGGTTTCA-1",6.72826379291127
"ACTATCTTCGCCGTGA-1",3.72423085873211
"ACTGAACAGAGTGAGA-1",3.55131355478711
"ACTGAACAGATCCCGC-1",2.02195542015221
"ACTGAACAGGTGATAT-1",1.17222122967512
"ACTGAACCAAAGCGGT-1",3.72423085873211
"ACTGAACCAAGCGAGT-1",8.42091193902524
"ACTGAACCAATTCCTT-1",4.90498535612443
"ACTGAACCAGCTGGCT-1",1.61393302355103
"ACTGAACCAGTCTTCC-1",1.66200281472335
"ACTGAACCATTACCTT-1",3.61319198064713
"ACTGAACGTAAGCACG-1",4.35111507926412
"ACTGAACGTAATCGTC-1",3.61319198064713
"ACTGAACGTCCAGTAT-1",3.74702939784521
"ACTGAACGTCTGATCA-1",5.5587344349254
"ACTGAACTCCCACTTG-1",8.1383088782272
"ACTGAGTAGCCGGTAA-1",6.84980914318613
"ACTGAGTCAGTGGGAT-1",3.44693554777222
"ACTGAGTCATTTGCCC-1",1.7706907932308
"ACTGAGTGTAGAGCTG-1",3.61527187814654
"ACTGAGTGTTGTGGCC-1",3.79658382971711
"ACTGAGTTCAGGTTCA-1",0
"ACTGATGAGACAGACC-1",8.72129660178045
"ACTGATGAGCGGATCA-1",1.34570908100481
"ACTGATGAGGTGCTTT-1",5.38569187840972
"ACTGATGCAGCAGTTT-1",0
"ACTGATGCATCACAAC-1",5.42390865813172
"ACTGATGGTCATGCAT-1",5.61520617666837
"ACTGATGTCACAATGC-1",6.0365082792979
"ACTGATGTCACTCCTG-1",0
"ACTGATGTCCCTGACT-1",0
"ACTGATGTCCGCTGTT-1",2.1065965598764
"ACTGATGTCCGGCACA-1",4.2714940663379
"ACTGATGTCCTATTCA-1",3.11509583652187
"ACTGCTCAGAGCTTCT-1",5.71714741456002
"ACTGCTCAGATGCCTT-1",12.1337064296966
"ACTGCTCCACACCGCA-1",8.80788721466595
"ACTGCTCCAGATGGGT-1",8.55959955566064
"ACTGCTCCATGCCTAA-1",2.67110542125041
"ACTGCTCGTAGGCATG-1",1.50629793178557
"ACTGCTCGTATCACCA-1",1.22711740621255
"ACTGCTCGTCCGAAGA-1",5.6829133352187
"ACTGCTCTCCGAGCCA-1",3.19094643895283
"ACTGTCCAGAGGGCTT-1",7.95513670018626
"ACTGTCCAGCAGCGTA-1",6.84885029246985
"ACTGTCCAGGCATGGT-1",3.08899797597969
"ACTGTCCCAAGGTTTC-1",2.17772677866473
"ACTGTCCCAAGTACCT-1",4.90498535612443
"ACTGTCCCAGTATCTG-1",3.81641869607421
"ACTGTCCCATAGAAAC-1",0
"ACTGTCCGTTGAGGTG-1",4.90727209398586
"ACTGTCCTCCACGTGG-1",4.29043146787456
"ACTGTCCTCCTTGGTC-1",2.1065965598764
"ACTGTCCTCTCTGTCG-1",4.64366619727242
"ACTTACTAGCGATAGC-1",3.72423085873211
"ACTTACTAGGGATGGG-1",2.6381292553027
"ACTTACTCACAGACAG-1",6.81616342938876
"ACTTACTCACATTTCT-1",4.68964076657716
"ACTTACTGTACTCAAC-1",5.12326205286471
"ACTTACTGTTCCACAA-1",6.29830044702491
"ACTTACTTCATCGGAT-1",1.4699371549693
"ACTTGTTAGACAAGCC-1",2.39155582030483
"ACTTGTTAGCTAGCCC-1",2.06582408852915
"ACTTGTTAGTTACCCA-1",2.90599769180423
"ACTTGTTCACGACGAA-1",3.43633750279593
"ACTTGTTCACGGCTAC-1",1.95401084829981
"ACTTGTTGTATCGCAT-1",4.62602382204575
"ACTTGTTGTGGTAACG-1",2.59183417558456
"ACTTGTTGTTGTGGAG-1",3.08899797597969
"ACTTGTTTCATCACCC-1",0
"ACTTTCACATGGTCAT-1",3.1559999991496
"ACTTTCAGTGACTACT-1",5.29831402554089
"ACTTTCATCGCCAGCA-1",3.30856336004961
"AGAATAGAGCTGAACG-1",0
"AGAATAGAGCTGTCTA-1",4.07834979891539
"AGAATAGAGGTAGCTG-1",3.93904402579597
"AGAATAGCATGGTCTA-1",5.79672643767442
"AGAATAGGTATTCTCT-1",2.68646607528998
"AGAATAGGTGCGGTAA-1",2.45624829490049
"AGAATAGGTTAAGAAC-1",5.55554841953319
"AGAATAGTCAGGCCCA-1",1.80734463789444
"AGACGTTAGAATGTGT-1",1.84179578144619
"AGACGTTAGCTCCTCT-1",2.89368845639012
"AGACGTTAGTGCCAGA-1",9.14008117999578
"AGACGTTCAGGATCGA-1",3.71151587742822
"AGACGTTGTAGCTGCC-1",1.79217625746399
"AGACGTTGTCTGCAAT-1",6.72826379291127
"AGACGTTGTTCTGTTT-1",3.63767801554698
"AGACGTTTCGCATGGC-1",4.1778919504511
"AGACGTTTCGCTTAGA-1",3.61275527201591
"AGAGCGACAACTTGAC-1",3.30829494565913
"AGAGCGACAAGTACCT-1",1.78059725485862
"AGAGCGACACAACGTT-1",3.44693554777222
"AGAGCGACATGAGCGA-1",6.52787220108332
"AGAGCGAGTCAGTGGA-1",0
"AGAGCGAGTCGACTGC-1",8.80788721466595
"AGAGCGAGTTGAGTTC-1",1.9607996208036
"AGAGCGATCGCGTAGC-1",2.12261371354504
"AGAGCGATCTATCCTA-1",5.24533464436378
"AGAGCGATCTCGCTTG-1",2.20007408950475
"AGAGCTTAGCCGTCGT-1",2.39155582030483
"AGAGCTTAGTACACCT-1",2.09651480349671
"AGAGCTTAGTCATGCT-1",7.99651838129963
"AGAGCTTGTAGAGCTG-1",3.30829494565913
"AGAGCTTGTATCACCA-1",8.44074143136808
"AGAGCTTTCACTATTC-1",3.95496830494764
"AGAGCTTTCCTGCAGG-1",3.3431972370061
"AGAGCTTTCGCAAACT-1",1.63255280174334
"AGAGCTTTCGCTTAGA-1",7.10196164371896
"AGAGTGGAGAGCCTAG-1",1.82632954847501
"AGAGTGGAGGCCCTTG-1",4.07834979891539
"AGAGTGGAGGTACTCT-1",4.04131271058565
"AGAGTGGCACAAGACG-1",4.52044075001226
"AGAGTGGCACCTCGTT-1",4.04131271058565
"AGAGTGGCATCCGGGT-1",0
"AGAGTGGCATCTGGTA-1",1.55185924223159
"AGAGTGGGTCAGCTAT-1",1.58802651512561
"AGAGTGGGTCCTCCAT-1",3.63767801554698
"AGAGTGGGTCTAGTCA-1",5.87256159931623
"AGAGTGGGTTACCGAT-1",3.55998151984688
"AGATCTGAGGTGGGTT-1",1.84179578144619
"AGATCTGAGTCAAGGC-1",1.63687268336829
"AGATCTGCAATGTTGC-1",3.53735554110615
"AGATCTGTCGAATCCA-1",7.94991719370874
"AGATCTGTCTGCAGTA-1",0
"AGATTGCAGGCTACGA-1",0
"AGATTGCCACGACGAA-1",3.53735554110615
"AGATTGCCAGATGGGT-1",1.77609937832505
"AGATTGCGTAGAGCTG-1",3.63744646050673
"AGATTGCGTGATGTCT-1",0
"AGATTGCGTGTTCGAT-1",5.8747593405452
"AGATTGCGTTCACGGC-1",5.5587344349254
"AGATTGCTCACTGGGC-1",3.31367240471796
"AGATTGCTCATCTGTT-1",1.81634322825567
"AGCAGCCAGCTGATAA-1",1.63255280174334
"AGCAGCCCACCGAAAG-1",6.22521171867147
"AGCAGCCGTCGACTGC-1",1.95401084829981
"AGCAGCCGTCGCTTTC-1",4.29439573514246
"AGCAGCCGTCTAACGT-1",3.56793077237824
"AGCAGCCGTGTGAAAT-1",7.53142553056534
"AGCAGCCGTTTGTTGG-1",2.51894771481597
"AGCAGCCTCCAAACAC-1",6.9833076289232
"AGCATACAGTGGTAGC-1",1.09595271263235
"AGCATACAGTTGTCGT-1",3.79658382971711
"AGCATACGTCTTCTCG-1",3.96129037564826
"AGCATACGTTAAGTAG-1",1.686659743766
"AGCATACTCCGTTGCT-1",9.74779870710144
"AGCCTAAAGATATGGT-1",2.15972018187776
"AGCCTAACAAAGCGGT-1",3.8436492165927
"AGCCTAACAGATAATG-1",6.71420489060857
"AGCCTAAGTACGAAAT-1",3.4652757373014
"AGCCTAAGTCACCTAA-1",0
"AGCCTAAGTGTGCCTG-1",6.37562605478344
"AGCCTAATCACCCGAG-1",3.61275527201591
"AGCCTAATCCAATGGT-1",0
"AGCCTAATCCTTGGTC-1",7.11892225172854
"AGCCTAATCTGTGCAA-1",6.34624745502514
"AGCCTAATCTGTTTGT-1",7.1328009411073
"AGCGGTCAGCGAAGGG-1",2.12520704909252
"AGCGGTCAGGTACTCT-1",2.85249544891478
"AGCGGTCAGTGACTCT-1",3.83581221662017
"AGCGGTCCAGCCTTGG-1",5.22305985149321
"AGCGGTCGTCCTAGCG-1",3.29559867664406
"AGCGGTCGTGGTGTAG-1",0
"AGCGGTCGTTAAGGGC-1",8.44074143136808
"AGCGGTCGTTTGCATG-1",4.68964076657716
"AGCGGTCTCCGAAGAG-1",3.3431972370061
"AGCGGTCTCCTCAATT-1",4.1778919504511
"AGCGGTCTCTGGGCCA-1",1.29100395438662
"AGCGTATAGAACTGTA-1",3.81641869607421
"AGCGTATAGCGATGAC-1",0
"AGCGTATAGGTACTCT-1",3.3431972370061
"AGCGTATGTTGAGGTG-1",2.15972018187776
"AGCGTATTCCAGAGGA-1",7.95513670018626
"AGCGTCGAGTTGAGTA-1",5.62760609285568
"AGCGTCGCAGGGATTG-1",4.8504303026845
"AGCGTCGTCTGAAAGA-1",1.84179578144619
"AGCTCCTAGACCTAGG-1",6.13759054382531
"AGCTCCTAGCGTTTAC-1",2.45624829490049
"AGCTCCTGTGTTTGTG-1",0
"AGCTCCTGTTGTCTTT-1",1.8964969142605
"AGCTCCTTCCGAATGT-1",1.54981001079568
"AGCTCCTTCTTGACGA-1",4.43040130671452
"AGCTCTCAGCGGATCA-1",3.05610794258125
"AGCTCTCAGCTGTTCA-1",2.90599769180423
"AGCTCTCAGGTGCTAG-1",6.0365082792979
"AGCTCTCCATACAGCT-1",7.95513670018626
"AGCTCTCGTCAGAGGT-1",4.38580710245907
"AGCTCTCGTGGGTCAA-1",3.56793077237824
"AGCTCTCTCACAACGT-1",3.74702939784521
"AGCTCTCTCTTGACGA-1",3.05662369179892
"AGCTTGAAGCATCATC-1",8.17345640165305
"AGCTTGAAGTAGCGGT-1",5.65381273752266
"AGCTTGAAGTTGTCGT-1",3.17919375523003
"AGCTTGACAATCCAAC-1",0
"AGCTTGACACCGATAT-1",5.26236744106244
"AGCTTGAGTCTACCTC-1",4.0387204980254
"AGCTTGAGTGCGCTTG-1",4.56776077012142
"AGCTTGAGTTACGCGC-1",4.45509985928327
"AGCTTGATCCTGCCAT-1",7.68195048609396
"AGCTTGATCTGCAAGT-1",5.62760609285568
"AGGCCACAGAGTAAGG-1",6.14323601479672
"AGGCCACAGGGTCTCC-1",2.89368845639012
"AGGCCACAGTACTTGC-1",4.8504303026845
"AGGCCACCAGGACCCT-1",5.57383059815256
"AGGCCACCATCAGTCA-1",8.05862378832599
"AGGCCACTCATGCTCC-1",1.77609937832505
"AGGCCACTCATTGCGA-1",4.91434544016836
"AGGCCGTAGGATCGCA-1",3.62195360213158
"AGGCCGTCACGTAAGG-1",1.99623969310687
"AGGCCGTCAGCTCGAC-1",3.66691393951051
"AGGCCGTCATCGTCGG-1",6.80987839122225
"AGGCCGTTCACGGTTA-1",3.00321462531973
"AGGCCGTTCGAACTGT-1",1.22711740621255
"AGGCCGTTCTCAAGTG-1",6.26394168330706
"AGGCCGTTCTGCTTGC-1",5.12326205286471
"AGGGAGTAGCCCAACC-1",1.82632954847501
"AGGGAGTAGGAGTACC-1",2.85925810294485
"AGGGAGTAGGCAGGTT-1",6.01128122164008
"AGGGAGTCACGAGAGT-1",5.39966341272339
"AGGGAGTCAGAAGCAC-1",3.85137049913074
"AGGGAGTCAGATCCAT-1",1.66269508910763
"AGGGAGTCATCGACGC-1",5.30231746960932
"AGGGAGTCATGCTAGT-1",2.48147611469121
"AGGGAGTGTCCATGAT-1",1.50629793178557
"AGGGAGTTCATAACCG-1",6.29830044702491
"AGGGATGAGCTCTCGG-1",2.78283218185116
"AGGGATGAGGAGTAGA-1",7.95513670018626
"AGGGATGAGTAGCGGT-1",1.76557996364628
"AGGGATGCAATGAATG-1",5.59832546037786
"AGGGATGCAATGGAGC-1",3.17919375523003
"AGGGATGCACAAGACG-1",6.14839005420172
"AGGGATGCACATTTCT-1",3.41699677376014
"AGGGATGCATGGTCTA-1",0
"AGGGATGGTTAAAGTG-1",5.50708485881088
"AGGGATGGTTATGCGT-1",1.22711740621255
"AGGGATGTCGTGACAT-1",3.83581221662017
"AGGGTGAAGATGGCGT-1",5.79672643767442
"AGGGTGAAGATGGGTC-1",5.22305985149321
"AGGGTGAAGGCTCAGA-1",2.89368845639012
"AGGGTGACACGAGAGT-1",0
"AGGGTGACAGATGGCA-1",3.08899797597969
"AGGGTGACAGATTGCT-1",0
"AGGGTGAGTACTCTCC-1",1.80734463789444
"AGGGTGAGTTATCGGT-1",1.85441043418972
"AGGGTGAGTTCTGAAC-1",1.7706907932308
"AGGGTGATCTCGCTTG-1",1.78884874323438
"AGGTCATAGAGCCCAA-1",4.53146597516493
"AGGTCATAGCCAGAAC-1",5.68094474546824
"AGGTCATAGGCATGGT-1",3.531653606556
"AGGTCATAGGGAGTAA-1",5.55554841953319
"AGGTCATCACTCAGGC-1",4.9931306996088
"AGGTCATCACTCTGTC-1",4.98310468533225
"AGGTCATGTTCCACTC-1",1.09595271263235
"AGGTCATTCTCGTTTA-1",5.30231746960932
"AGGTCCGAGGATGCGT-1",3.47444918348479
"AGGTCCGGTGATGCCC-1",0
"AGGTCCGTCCATGAAC-1",2.52223698344366
"AGGTCCGTCGCCCTTA-1",1.73071383450644
"AGGTCCGTCTGCGTAA-1",5.22305985149321
"AGTAGTCAGACTGTAA-1",3.43884216718795
"AGTAGTCAGTACGACG-1",1.9634270728463
"AGTAGTCAGTTTAGGA-1",4.29043146787456
"AGTAGTCCAACTGGCC-1",5.12326205286471
"AGTAGTCGTGCAGACA-1",1.22711740621255
"AGTAGTCTCACCCGAG-1",5.36747369766496
"AGTCTTTAGGCAGTCA-1",5.1876317417294
"AGTCTTTCAAATCCGT-1",1.99623969310687
"AGTCTTTCATATACCG-1",9.96560826200979
"AGTCTTTGTGCTTCTC-1",3.61527187814654
"AGTCTTTGTGTCCTCT-1",2.6665066901071
"AGTCTTTTCGCAGGCT-1",3.95496830494764
"AGTCTTTTCGCGTAGC-1",4.07834979891539
"AGTCTTTTCGCTAGCG-1",3.47444918348479
"AGTCTTTTCGCTTGTC-1",2.68646607528998
"AGTCTTTTCTGACCTC-1",1.6880958603865
"AGTGAGGAGATAGCAT-1",2.6665066901071
"AGTGAGGCAGGTGCCT-1",1.84179578144619
"AGTGAGGGTATGAAAC-1",6.43893212081049
"AGTGAGGGTCACTTCC-1",3.50294219361809
"AGTGAGGGTCGCGAAA-1",1.7900947443555
"AGTGAGGGTTATGTGC-1",3.10826892114673
"AGTGAGGTCTACTATC-1",2.67110542125041
"AGTGGGAAGCAGACTG-1",5.95753006875513
"AGTGGGACAAACGCGA-1",5.10277046171478
"AGTGGGACAAGCCGTC-1",6.71420489060857
"AGTGGGACACAGGAGT-1",3.9524146389132
"AGTGGGACACGAGAGT-1",9.96560826200979
"AGTGGGATCATCGATG-1",5.99695364105198
"AGTGGGATCCACGAAT-1",1.8444805688076
"AGTGGGATCCTGCAGG-1",2.29087922016553
"AGTGTCAAGAAGCCCA-1",1.66269508910763
"AGTGTCAAGCTAGTCT-1",3.95829752027859
"AGTGTCAAGTACGACG-1",5.55117233725218
"AGTGTCAAGTGAACAT-1",1.76557996364628
"AGTGTCACACCATCCT-1",1.55185924223159
"AGTGTCACAGTAAGCG-1",5.31181159381515
"AGTGTCACAGTGGAGT-1",1.5240247353639
"AGTGTCAGTAAACCTC-1",1.63687268336829
"AGTGTCAGTACAGCAG-1",5.12326205286471
"AGTGTCAGTCTCCACT-1",0
"AGTGTCAGTTTGACTG-1",3.47444918348479
"AGTGTCATCAAAGTAG-1",5.30434490730594
"AGTGTCATCCGTCAAA-1",3.50556314289915
"AGTGTCATCGTTACAG-1",3.39289139300417
"AGTGTCATCTGTCAAG-1",6.72826379291127
"AGTTGGTAGACTGTAA-1",3.74702939784521
"AGTTGGTAGTACGCGA-1",2.85249544891478
"AGTTGGTCAAATTGCC-1",5.55554841953319
"AGTTGGTCAGGAATGC-1",5.95753006875513
"AGTTGGTCATGCGCAC-1",0
"AGTTGGTGTACCGTAT-1",1.7706907932308
"AGTTGGTGTATGCTTG-1",3.95496830494764
"AGTTGGTGTCAGGACA-1",5.61520617666837
"AGTTGGTGTTCAGACT-1",6.73945710304291
"AGTTGGTTCAGTACGT-1",3.05662369179892
"AGTTGGTTCCTCAACC-1",3.95829752027859
"AGTTGGTTCGTACCGG-1",6.37562605478344
"AGTTGGTTCTGTCCGT-1",4.90498535612443
"ATAACGCAGTTGAGTA-1",5.79672643767442
"ATAACGCCACGTGAGA-1",4.53146597516493
"ATAACGCGTGAACCTT-1",3.83415189914309
"ATAACGCGTGTCCTCT-1",3.70694615053053
"ATAACGCGTGTGAAAT-1",4.29043146787456
"ATAACGCTCTCCGGTT-1",3.83415189914309
"ATAAGAGAGTCCGGTC-1",5.22305985149321
"ATAAGAGCAACTGCGC-1",1.8964969142605
"ATAAGAGCAGTATCTG-1",6.73945710304291
"ATAAGAGGTGACGCCT-1",7.1328009411073
"ATAAGAGGTTAAAGTG-1",4.23970276814581
"ATAAGAGTCAGCACAT-1",2.85925810294485
"ATAAGAGTCAGTGCAT-1",10.3440272607819
"ATAGACCAGAGAGCTC-1",1.95401084829981
"ATAGACCAGCCCAATT-1",1.22711740621255
"ATAGACCCAAGCCATT-1",4.1778919504511
"ATAGACCCATCTGGTA-1",5.96895549742153
"ATAGACCGTATATGGA-1",5.55554841953319
"ATAGACCGTGGACGAT-1",8.30081275267306
"ATAGACCGTGGCGAAT-1",8.44074143136808
"ATAGACCGTTTCGCTC-1",9.74779870710144
"ATCACGAAGAACTCGG-1",3.52457825845656
"ATCACGAAGACACGAC-1",6.0365082792979
"ATCACGAAGTTACCCA-1",6.22521171867147
"ATCACGACAAGACACG-1",3.56793077237824
"ATCACGACAAGCGTAG-1",7.82181261096456
"ATCACGACACACATGT-1",0
"ATCACGACACCACCAG-1",4.62602382204575
"ATCACGACACGGTAAG-1",9.72702334706759
"ATCACGACAGCGAACA-1",3.63744646050673
"ATCACGATCCCGACTT-1",0
"ATCACGATCGGTGTCG-1",3.4652757373014
"ATCATCTAGCCTATGT-1",0
"ATCATCTAGGCCATAG-1",1.7706907932308
"ATCATCTAGTACTTGC-1",5.50708485881088
"ATCATCTCAGACGCCT-1",3.54487782838931
"ATCATCTCATCCGTGG-1",1.80734463789444
"ATCATCTGTATTACCG-1",0
"ATCATCTGTCACTTCC-1",5.55117233725218
"ATCATCTTCAGCGACC-1",3.72845289183508
"ATCATCTTCCTCAACC-1",2.6665066901071
"ATCATGGCAAGCGTAG-1",4.04131271058565
"ATCATGGCAAGGTTCT-1",4.55718710519006
"ATCATGGCACTACAGT-1",0
"ATCATGGGTAAGGGAA-1",1.35759546618832
"ATCATGGGTTGTGGCC-1",5.24533464436378
"ATCATGGTCAATAAGG-1",3.72423085873211
"ATCATGGTCCAATGGT-1",2.1065965598764
"ATCATGGTCGCCATAA-1",2.59183417558456
"ATCATGGTCGGTTAAC-1",1.58802651512561
"ATCCACCAGCTAGTCT-1",3.95792485861803
"ATCCACCAGGCTCTTA-1",7.07482112769382
"ATCCACCCAAACGTGG-1",2.45624829490049
"ATCCACCCAGTTAACC-1",1.96448062371802
"ATCCACCGTCCGAAGA-1",0
"ATCCACCGTTTGTTTC-1",9.10706356387196
"ATCCACCTCCTGCTTG-1",8.72129660178045
"ATCCACCTCCTTAATC-1",6.39031474537329
"ATCCACCTCTGGTATG-1",7.50541472257781
"ATCCGAAAGCGATGAC-1",2.15972018187776
"ATCCGAAAGCTAGGCA-1",8.65758801553556
"ATCCGAACAAACGTGG-1",6.29830044702491
"ATCCGAACAACAACCT-1",4.90498535612443
"ATCCGAACAAGGACTG-1",4.07834979891539
"ATCCGAACACCCATTC-1",9.14008117999578
"ATCCGAACACGGTAGA-1",4.90498535612443
"ATCCGAAGTAGCGCTC-1",3.74702939784521
"ATCCGAAGTCATTAGC-1",6.76440561468447
"ATCCGAAGTCTCTTAT-1",0
"ATCCGAATCCAACCAA-1",1.74812676048036
"ATCCGAATCCTTGACC-1",8.66925438983548
"ATCCGAATCTTGTCAT-1",5.55554841953319
"ATCGAGTAGACTTTCG-1",0
"ATCGAGTCATCCGGGT-1",5.8747593405452
"ATCGAGTGTCCCTTGT-1",3.48892558142103
"ATCGAGTGTCTCCCTA-1",4.29043146787456
"ATCGAGTTCATGCATG-1",8.1383088782272
"ATCGAGTTCCTGCCAT-1",0
"ATCTACTAGGTGTGGT-1",0
"ATCTACTCAGCTGTAT-1",6.74697036666735
"ATCTACTCAGTACACT-1",3.39001855776188
"ATCTACTCATGACATC-1",8.44074143136808
"ATCTACTGTAAGTAGT-1",5.62523653646304
"ATCTACTGTGTCGCTG-1",6.14323601479672
"ATCTACTTCCGCGTTT-1",6.32481345777745
"ATCTACTTCGCAAGCC-1",3.36317515089486
"ATCTACTTCTATCGCC-1",2.67110542125041
"ATCTACTTCTCTAAGG-1",5.79550858493768
"ATCTGCCAGGCTCAGA-1",1.83956601435704
"ATCTGCCGTACAGTTC-1",6.90625174106048
"ATCTGCCGTTGTGGAG-1",1.54981001079568
"ATCTGCCTCAGAGACG-1",1.50629793178557
"ATCTGCCTCAGCTGGC-1",3.39001855776188
"ATCTGCCTCGTACGGC-1",0
"ATCTGCCTCTCGAGTA-1",3.11509583652187
"ATCTGCCTCTGAGTGT-1",1.83956601435704
"ATCTGCCTCTTGTATC-1",4.0448852613879
"ATGAGGGAGGTCGGAT-1",7.28585146477814
"ATGAGGGCATGACGGA-1",6.0874943284225
"ATGAGGGCATTAGGCT-1",5.31181159381515
"ATGAGGGTCACATGCA-1",2.12261371354504
"ATGAGGGTCAGTCCCT-1",1.85441043418972
"ATGCGATAGTCAATAG-1",3.53735554110615
"ATGCGATCATGTTGAC-1",4.61624107428529
"ATGCGATGTGCAGTAG-1",5.38079953381887
"ATGCGATGTGCATCTA-1",0
"ATGCGATTCCCAAGAT-1",1.54981001079568
"ATGCGATTCGCCATAA-1",12.2620224843575
"ATGGGAGAGCAATATG-1",7.95513670018626
"ATGGGAGAGCCACGCT-1",6.87353463028507
"ATGGGAGAGGTGATAT-1",5.10277046171478
"ATGGGAGCACCAGGTC-1",1.7900947443555
"ATGGGAGCACTATCTT-1",1.78884874323438
"ATGGGAGCAGCATACT-1",0
"ATGGGAGCATAGAAAC-1",3.45120370702587
"ATGGGAGCATTACCTT-1",5.50708485881088
"ATGTGTGAGCGAAGGG-1",2.6381292553027
"ATGTGTGAGGGTTTCT-1",1.63255280174334
"ATGTGTGAGTTGAGTA-1",6.84980914318613
"ATGTGTGCACGGCGTT-1",3.56825565513815
"ATGTGTGCACGGTTTA-1",0
"ATGTGTGCAGTATAAG-1",2.78283218185116
"ATGTGTGTCACGCGGT-1",6.76440561468447
"ATTACTCAGATGTGTA-1",1.40906951443495
"ATTACTCAGCGTAATA-1",6.0874943284225
"ATTACTCAGGTGCACA-1",4.89111809523416
"ATTACTCAGTGAAGTT-1",0
"ATTACTCCAAACTGTC-1",3.23683617795716
"ATTACTCCACCATCCT-1",4.52044075001226
"ATTACTCCAGACTCGC-1",1.60688281682492
"ATTACTCCATATGCTG-1",1.63687268336829
"ATTACTCCATCGGTTA-1",0
"ATTACTCCATTGCGGC-1",3.50294219361809
"ATTACTCGTTAAAGAC-1",3.44693554777222
"ATTACTCTCCGAACGC-1",2.59183417558456
"ATTATCCAGAGTACCG-1",5.68410631620477
"ATTATCCAGCTTATCG-1",1.50629793178557
"ATTATCCCACAAGCCC-1",1.90277992121162
"ATTATCCCATATGAGA-1",1.73033175497897
"ATTATCCCATCTGGTA-1",5.88805150494887
"ATTATCCGTCGTTGTA-1",3.93535529535641
"ATTATCCGTCTCTCTG-1",3.56793077237824
"ATTATCCTCAACGGGA-1",1.63255280174334
"ATTATCCTCCGCGCAA-1",5.42390865813172
"ATTATCCTCTCCGGTT-1",5.65381273752266
"ATTCTACGTCACTTCC-1",5.8747593405452
"ATTCTACGTCTAGTCA-1",3.14098897022177
"ATTCTACGTTGTCGCG-1",3.72423085873211
"ATTGGACAGCAGATCG-1",6.34624745502514
"ATTGGACAGGGCATGT-1",6.0874943284225
"ATTGGACAGTGGACGT-1",2.6381292553027
"ATTGGACCAAGACACG-1",2.85249544891478
"ATTGGACGTAATAGCA-1",7.61890752815158
"ATTGGACTCCTGCTTG-1",3.24670583384076
"ATTGGACTCGGCGCAT-1",6.34624745502514
"ATTGGACTCGTTTGCC-1",6.9833076289232
"ATTGGTGAGAATGTTG-1",3.71151587742822
"ATTGGTGCAAGCTGAG-1",5.85571010417463
"ATTGGTGCAGCAGTTT-1",6.71420489060857
"ATTGGTGGTTGAGTTC-1",6.71420489060857
"ATTGGTGTCAAAGTAG-1",3.43633750279593
"ATTGGTGTCGGAAACG-1",4.90498535612443
"ATTTCTGAGGGATACC-1",0
"ATTTCTGAGGGATCTG-1",0
"ATTTCTGAGGTGTTAA-1",3.61319198064713
"ATTTCTGAGTCGAGTG-1",6.84980914318613
"ATTTCTGAGTTCGCAT-1",0
"ATTTCTGCAAGGTGTG-1",4.04131271058565
"ATTTCTGGTAGCTCCG-1",5.79672643767442
"ATTTCTGGTGCACGAA-1",5.95556410398227
"ATTTCTGGTTGCCTCT-1",6.80987839122225
"ATTTCTGTCAAAGTAG-1",3.43391047315726
"ATTTCTGTCAGCTCGG-1",2.20007408950475
"ATTTCTGTCTTGGGTA-1",4.9931306996088
"CAACCAAAGAAACGCC-1",4.04131271058565
"CAACCAAAGAGGGCTT-1",6.39031474537329
"CAACCAAAGCTGAAAT-1",3.95792485861803
"CAACCAAAGGACAGCT-1",3.71151587742822
"CAACCAAAGGGAGTAA-1",2.53058667573078
"CAACCAACATACGCTA-1",5.65381273752266
"CAACCTCAGTAATCCC-1",6.14323601479672
"CAACCTCCAGACGCAA-1",1.90716114638537
"CAACCTCGTGAGTGAC-1",3.87597844655432
"CAACCTCGTTCCACGG-1",5.61520617666837
"CAACCTCTCATACGGT-1",3.37443047289216
"CAACCTCTCCGATATG-1",0
"CAACCTCTCCTTTACA-1",3.08899797597969
"CAACCTCTCTCTAGGA-1",4.53146597516493
"CAACTAGAGAATAGGG-1",6.88303006810403
"CAACTAGAGGATGCGT-1",5.30125139636101
"CAACTAGCACCATCCT-1",0
"CAACTAGCAGACTCGC-1",6.71420489060857
"CAACTAGCAGTTCATG-1",1.81763797610274
"CAACTAGGTACGCACC-1",1.90716114638537
"CAACTAGTCAGGCCCA-1",2.52959946373823
"CAAGAAAAGAAGGACA-1",8.30081275267306
"CAAGAAAAGACGCACA-1",4.15428895506445
"CAAGAAAAGGCCCTTG-1",1.81763797610274
"CAAGAAAAGGTGATAT-1",5.38079953381887
"CAAGAAAAGTCGATAA-1",3.87597844655432
"CAAGAAAAGTGGAGTC-1",1.7900947443555
"CAAGAAAAGTGTACCT-1",4.69333323780629
"CAAGAAACACGGTGTC-1",4.29043146787456
"CAAGAAATCTGCTTGC-1",3.83415189914309
"CAAGATCAGCTGAAAT-1",8.78661596830194
"CAAGATCGTAAGAGGA-1",3.56793077237824
"CAAGATCGTGCCTTGG-1",3.53033872396598
"CAAGATCTCAACACCA-1",5.31181159381515
"CAAGATCTCTCGATGA-1",4.07834979891539
"CAAGGCCAGGAGTCTG-1",3.75099424198234
"CAAGGCCAGGCTATCT-1",1.7900947443555
"CAAGGCCCACGGTAAG-1",4.1778919504511
"CAAGGCCCATGTTCCC-1",0
"CAAGGCCGTCCGTCAG-1",0
"CAAGGCCTCAACGGGA-1",3.17919375523003
"CAAGGCCTCCTTGACC-1",2.39155582030483
"CAAGGCCTCGTGACAT-1",5.22305985149321
"CAAGTTGAGACAGGCT-1",6.11979904285137
"CAAGTTGAGATGTCGG-1",5.24533464436378
"CAAGTTGAGCGTCAAG-1",7.11541539024388
"CAAGTTGAGCGTTTAC-1",4.62602382204575
"CAAGTTGCACATTAGC-1",0
"CAAGTTGCACGCTTTC-1",11.2963219195727
"CAAGTTGCACGGTGTC-1",5.62523653646304
"CAAGTTGCATTCTTAC-1",1.09595271263235
"CAAGTTGGTACTCAAC-1",2.6381292553027
"CAAGTTGGTCAGGACA-1",3.43633750279593
"CAAGTTGGTCGGCACT-1",1.8444805688076
"CAAGTTGTCAACGAAA-1",1.40906951443495
"CAAGTTGTCACCACCT-1",4.29281222340357
"CAAGTTGTCATTGCCC-1",6.26394168330706
"CAAGTTGTCGAATCCA-1",5.09948675494072
"CAAGTTGTCTACTTAC-1",0
"CACAAACAGGGCTCTC-1",1.686659743766
"CACAAACAGGGCTTGA-1",2.62712524710195
"CACAAACAGTGACATA-1",4.69487795928669
"CACAAACCAACTGCGC-1",6.34624745502514
"CACAAACCAATAAGCA-1",8.1383088782272
"CACAAACCAATCAGAA-1",3.8436492165927
"CACAAACCACTTAACG-1",7.82181261096456
"CACAAACCATGAACCT-1",4.10573369673154
"CACAAACCATGGTCAT-1",0
"CACAAACGTCAACTGT-1",7.07482112769382
"CACAAACGTCAGAATA-1",5.55117233725218
"CACAAACTCTTCGGTC-1",5.50708485881088
"CACAAACTCTTGGGTA-1",3.83415189914309
"CACACAAAGCGACGTA-1",1.90716114638537
"CACACAAAGGGAGTAA-1",1.83956601435704
"CACACAACAAACGTGG-1",1.90277992121162
"CACACAACACATGACT-1",3.30829494565913
"CACACAACATCGATTG-1",1.50684451275357
"CACACAACATTGGGCC-1",3.39289139300417
"CACACAAGTACGACCC-1",4.58631611199682
"CACACAAGTCAGTGGA-1",0
"CACACAAGTCATCGGC-1",6.90729502331184
"CACACAAGTTTACTCT-1",3.3431972370061
"CACACAATCCACGTGG-1",4.43040130671452
"CACACAATCCACGTTC-1",4.16354452132744
"CACACAATCGGCGCAT-1",4.04131271058565
"CACACCTAGAGACTAT-1",9.75224190177823
"CACACCTAGGACATTA-1",1.84179578144619
"CACACCTAGTGTGAAT-1",7.17435690338971
"CACACCTCACTGAAGG-1",2.59183417558456
"CACACCTCATAGGATA-1",1.63687268336829
"CACACCTCATAGTAAG-1",3.21322446697284
"CACACCTCATTGGGCC-1",6.34624745502514
"CACACCTGTACAGCAG-1",4.81546164004264
"CACACCTGTACCGCTG-1",1.8964969142605
"CACACCTGTCCAAGTT-1",2.12520704909252
"CACACCTGTGGACGAT-1",2.51894771481597
"CACACCTGTGGTCTCG-1",3.43884216718795
"CACACCTTCATGTCTT-1",3.31367240471796
"CACACCTTCTGGCGAC-1",1.7900947443555
"CACACTCAGGGAAACA-1",3.52457825845656
"CACACTCCAACACCTA-1",5.25145783306455
"CACACTCCAAGGGTCA-1",5.55117233725218
"CACACTCGTGACGCCT-1",3.39643412905407
"CACACTCGTTTGTGTG-1",2.20007408950475
"CACAGGCAGCCATCGC-1",5.75592616738844
"CACAGGCAGGGATGGG-1",3.79926515877812
"CACAGGCCAAGAGTCG-1",5.8747593405452
"CACAGGCCAATGGAGC-1",0
"CACAGGCGTCTAGGTT-1",3.72423085873211
"CACAGGCGTTACGCGC-1",2.85925810294485
"CACAGGCTCGGGAGTA-1",1.97456340207795
"CACAGGCTCTATGTGG-1",2.52959946373823
"CACAGTAAGACGCAAC-1",1.8964969142605
"CACAGTAAGACGCACA-1",1.64189179728152
"CACAGTAAGTGGGCTA-1",1.35759546618832
"CACAGTACAACTGGCC-1",1.77609937832505
"CACAGTACATCGGACC-1",2.52959946373823
"CACAGTAGTTCCATGA-1",1.7706907932308
"CACATAGAGCCCAATT-1",1.81333117234219
"CACATAGAGTGTACTC-1",6.01949796717968
"CACATAGCACTTCTGC-1",3.31367240471796
"CACATAGCAGGGTATG-1",5.30125139636101
"CACATAGTCCTTGCCA-1",3.55928930533807
"CACATAGTCGGCGCAT-1",1.77365793827803
"CACATTTAGCAGATCG-1",3.14098897022177
"CACATTTAGGGCACTA-1",4.16354452132744
"CACATTTCACGGCGTT-1",1.84717530836962
"CACATTTCATTACCTT-1",4.10573369673154
"CACATTTGTCGAACAG-1",4.98310468533225
"CACATTTGTGTTGAGG-1",4.23970276814581
"CACATTTTCCAGAGGA-1",4.95076651368352
"CACATTTTCCGCATCT-1",2.51894771481597
"CACATTTTCTACTATC-1",5.75592616738844
"CACATTTTCTGTGCAA-1",4.0387204980254
"CACCACTAGCCACGTC-1",5.42390865813172
"CACCACTAGTGGTAAT-1",1.85441043418972
"CACCACTAGTTACCCA-1",5.22305985149321
"CACCACTCAAGCCCAC-1",0
"CACCACTCAGTTCATG-1",5.77998335472807
"CACCACTGTTATTCTC-1",9.26350139262915
"CACCACTTCACCGGGT-1",5.1876317417294
"CACCACTTCGAATCCA-1",2.85249544891478
"CACCACTTCGACCAGC-1",3.47444918348479
"CACCACTTCTAACCGA-1",5.61520617666837
"CACCACTTCTTTAGTC-1",0
"CACCAGGCACATTAGC-1",1.7706907932308
"CACCAGGCACTGCCAG-1",1.84179578144619
"CACCAGGCATAAAGGT-1",3.13031181871514
"CACCAGGCATGAACCT-1",3.85137049913074
"CACCAGGGTGAAATCA-1",1.50629793178557
"CACCAGGGTGTTTGGT-1",5.30434490730594
"CACCAGGGTTATCACG-1",5.31181159381515
"CACCAGGTCATGTAGC-1",5.38079953381887
"CACCAGGTCTGCTTGC-1",5.22305985149321
"CACCTTGAGACTTGAA-1",2.89368845639012
"CACCTTGAGTCAATAG-1",1.63687268336829
"CACCTTGCAGGCGATA-1",5.31968617149112
"CACCTTGCATTCCTGC-1",3.05693295840552
"CACCTTGGTCATTAGC-1",6.84980914318613
"CACCTTGGTGATGTCT-1",6.87353463028507
"CACCTTGGTTATGTGC-1",3.47444918348479
"CACCTTGTCAACCATG-1",5.16782627472455
"CACCTTGTCATTATCC-1",4.8504303026845
"CACCTTGTCCAAAGTC-1",6.0874943284225
"CACCTTGTCTCACATT-1",8.87884264800688
"CACTCCAAGACAAGCC-1",5.74567650659466
"CACTCCAAGGTACTCT-1",8.7342369083871
"CACTCCACAATGGACG-1",4.62602382204575
"CACTCCAGTACATGTC-1",1.8964969142605
"CACTCCAGTTGTCGCG-1",3.61527187814654
"CACTCCATCAACACAC-1",3.45120370702587
"CACTCCATCCCAGGTG-1",8.42091193902524
"CAGAATCAGAAACCTA-1",3.62195360213158
"CAGAATCAGCCAACAG-1",3.63767801554698
"CAGAATCAGCTGGAAC-1",1.95401084829981
"CAGAATCAGGACTGGT-1",5.26236744106244
"CAGAATCAGTATCGAA-1",1.7706907932308
"CAGAATCCACAGAGGT-1",4.71092307024775
"CAGAATCCAGGGTACA-1",3.55998151984688
"CAGAATCGTAAGTGTA-1",0
"CAGAATCGTAATCACC-1",7.82569886800659
"CAGAATCTCAGTTTGG-1",4.40515935939387
"CAGAATCTCGCAAGCC-1",8.78661596830194
"CAGAATCTCGGTCCGA-1",5.61520617666837
"CAGAATCTCTTGCAAG-1",2.20007408950475
"CAGAATCTCTTGTACT-1",4.10573369673154
"CAGAGAGAGAATTGTG-1",1.78884874323438
"CAGAGAGAGCAATATG-1",3.73481981576731
"CAGAGAGCAAGAAGAG-1",5.30434490730594
"CAGAGAGCACCAGATT-1",4.53146597516493
"CAGAGAGGTAATCACC-1",1.83956601435704
"CAGAGAGGTAGCTGCC-1",0
"CAGAGAGGTAGGACAC-1",7.95513670018626
"CAGAGAGGTATAGGGC-1",7.32234926105612
"CAGAGAGGTCCGAATT-1",4.95076651368352
"CAGAGAGGTTGAGGTG-1",1.95401084829981
"CAGAGAGTCACCCGAG-1",1.22711740621255
"CAGAGAGTCATAACCG-1",3.48892558142103
"CAGAGAGTCCGAACGC-1",3.61527187814654
"CAGAGAGTCTGGTATG-1",6.45312112602068
"CAGATCAAGAGACGAA-1",0
"CAGATCAAGCACCGTC-1",4.10573369673154
"CAGATCAAGCTTCGCG-1",0
"CAGATCAAGGATTCGG-1",1.22711740621255
"CAGATCAAGTGTACCT-1",5.55554841953319
"CAGATCAAGTTTAGGA-1",5.98588191367331
"CAGATCACAATAACGA-1",3.30829494565913
"CAGATCACACACCGAC-1",0
"CAGATCACACGGTAAG-1",4.43040130671452
"CAGATCACACTCTGTC-1",5.5587344349254
"CAGATCACAGCATACT-1",0
"CAGATCACAGTGGGAT-1",2.67110542125041
"CAGATCAGTACCAGTT-1",3.50294219361809
"CAGATCAGTGCGGTAA-1",2.15094959722266
"CAGATCATCTGATTCT-1",4.1778919504511
"CAGCAGCAGATGCCAG-1",6.34624745502514
"CAGCAGCAGGGAACGG-1",2.39155582030483
"CAGCAGCCACCTATCC-1",5.96895549742153
"CAGCAGCCATCACAAC-1",3.71151587742822
"CAGCAGCTCAACACTG-1",3.83415189914309
"CAGCAGCTCGAACTGT-1",7.68207862320632
"CAGCAGCTCGCCGTGA-1",0
"CAGCATAAGAGACGAA-1",1.66269508910763
"CAGCATAGTCTAGGTT-1",4.45509985928327
"CAGCATAGTTTACTCT-1",3.79658382971711
"CAGCATATCACGAAGG-1",0
"CAGCATATCAGGCAAG-1",4.53146597516493
"CAGCATATCCTTAATC-1",2.85925810294485
"CAGCCGAAGCATCATC-1",3.43391047315726
"CAGCCGAAGTTTCCTT-1",3.72423085873211
"CAGCCGACACGTGAGA-1",8.42091193902524
"CAGCCGACATCAGTCA-1",3.45120370702587
"CAGCCGAGTGATGTCT-1",3.71106785072559
"CAGCCGATCACCAGGC-1",3.39289139300417
"CAGCCGATCCTCAATT-1",11.2204858176657
"CAGCGACAGAAACGCC-1",3.56793077237824
"CAGCGACAGCGTCAAG-1",4.90498535612443
"CAGCGACCAAACGTGG-1",0
"CAGCGACCAAAGCGGT-1",8.44074143136808
"CAGCGACCACGTCAGC-1",2.52959946373823
"CAGCGACCATGGGACA-1",0
"CAGCGACGTCTGATTG-1",0
"CAGCGACGTGGACGAT-1",3.83415189914309
"CAGCGACGTGGTTTCA-1",3.71151587742822
"CAGCGACGTTCGGCAC-1",3.87597844655432
"CAGCGACTCCGCAAGC-1",4.95076651368352
"CAGCGACTCTGGGCCA-1",5.12326205286471
"CAGCTAAAGATGTGTA-1",4.89111809523416
"CAGCTAAAGCAGACTG-1",3.74702939784521
"CAGCTAAAGCTGTTCA-1",3.93458469913371
"CAGCTAAAGGAGCGTT-1",5.26236744106244
"CAGCTAACACAGATTC-1",3.4652757373014
"CAGCTAACATCAGTAC-1",1.63255280174334
"CAGCTAAGTAATCGTC-1",5.21980817920964
"CAGCTAAGTCTCACCT-1",0
"CAGCTAAGTTCGTCTC-1",1.40906951443495
"CAGCTAATCCACGCAG-1",3.08899797597969
"CAGCTAATCCCTAACC-1",3.00519050388041
"CAGCTAATCTGGTTCC-1",0
"CAGCTAATCTTAGCCC-1",3.1559999991496
"CAGCTAATCTTCGGTC-1",2.68708489041059
"CAGCTGGAGACACTAA-1",1.09595271263235
"CAGCTGGAGATCCTGT-1",7.69104360402137
"CAGCTGGCACCAACCG-1",1.95401084829981
"CAGCTGGCAGTGGAGT-1",3.95829752027859
"CAGCTGGCATGCATGT-1",1.40906951443495
"CAGCTGGTCTACCTGC-1",4.04131271058565
"CAGGTGCAGAGACGAA-1",2.68646607528998
"CAGGTGCAGATCCTGT-1",4.61247893810959
"CAGGTGCAGGCATGTG-1",2.45624829490049
"CAGGTGCCAGGAACGT-1",4.16354452132744
"CAGGTGCCATAGTAAG-1",1.17222122967512
"CAGGTGCCATCGGAAG-1",4.10573369673154
"CAGGTGCTCAGTTGAC-1",6.90625174106048
"CAGGTGCTCCAAGTAC-1",1.5282513498452
"CAGGTGCTCTTGTATC-1",0
"CAGTAACAGATATGGT-1",1.8964969142605
"CAGTAACAGATGGCGT-1",2.93816953046838
"CAGTAACCAATCACAC-1",1.63687268336829
"CAGTAACCACTCGACG-1",3.13031181871514
"CAGTAACGTGATAAGT-1",4.90498535612443
"CAGTAACGTGCACCAC-1",5.30231746960932
"CAGTAACTCAGAGGTG-1",1.7900947443555
"CAGTAACTCGTACGGC-1",4.89111809523416
"CAGTAACTCGTGACAT-1",5.18730189926096
"CAGTAACTCTGCCAGG-1",0
"CAGTCCTAGAATCTCC-1",5.75592616738844
"CAGTCCTAGATCTGCT-1",3.14098897022177
"CAGTCCTCAGTATAAG-1",0
"CAGTCCTTCAACACGT-1",1.55185924223159
"CAGTCCTTCCATGAGT-1",0
"CAGTCCTTCCCGACTT-1",3.45120370702587
"CAGTCCTTCCCTTGTG-1",3.72423085873211
"CAGTCCTTCGAACGGA-1",4.33859955816781
"CAGTCCTTCGGTTCGG-1",0
"CAGTCCTTCTACTTAC-1",5.88243616058153
"CATATGGAGAGATGAG-1",0
"CATATGGAGGCATGGT-1",5.12326205286471
"CATATGGAGTATTGGA-1",12.2620224843575
"CATATGGCAAGCGTAG-1",2.51894771481597
"CATATGGGTCGCATAT-1",6.35824392662605
"CATATGGTCATTATCC-1",3.8436492165927
"CATATGGTCATTGCGA-1",3.52457825845656
"CATATTCCACCACCAG-1",2.12261371354504
"CATATTCGTGACTACT-1",8.65758801553556
"CATATTCGTGGTACAG-1",0
"CATATTCGTGTGACGA-1",0
"CATATTCTCACAGGCC-1",5.85755209543355
"CATATTCTCGCAAACT-1",2.06582408852915
"CATCAAGAGAACTCGG-1",0
"CATCAAGAGATGGCGT-1",0
"CATCAAGAGCCGCCTA-1",6.64394365873604
"CATCAAGCACGAAACG-1",7.61890752815158
"CATCAAGCAGCCTTTC-1",3.87703199742604
"CATCAAGCATGGAATA-1",3.30436825204165
"CATCAAGGTTACTGAC-1",1.42564878117569
"CATCAAGGTTCCATGA-1",7.95513670018626
"CATCAAGTCTAAGCCA-1",7.72803719343951
"CATCAAGTCTGACCTC-1",0
"CATCAGAAGCTAGTCT-1",6.83959763938791
"CATCAGACAAGCCATT-1",3.55998151984688
"CATCAGACAATGACCT-1",5.65381273752266
"CATCAGACACGGCCAT-1",3.88444833564439
"CATCAGACAGACAGGT-1",7.34078044140102
"CATCAGACATAACCTG-1",2.20007408950475
"CATCAGAGTAATTGGA-1",0
"CATCAGAGTACATGTC-1",0
"CATCAGAGTGTTAAGA-1",0
"CATCAGAGTTCAACCA-1",5.61520617666837
"CATCAGATCGTTGACA-1",1.76557996364628
"CATCCACGTAAAGTCA-1",2.65747705199148
"CATCCACGTACCGTAT-1",2.85925810294485
"CATCCACGTGCCTGTG-1",2.29087922016553
"CATCCACGTTTAAGCC-1",6.64394365873604
"CATCGAAAGAGTACAT-1",2.53058667573078
"CATCGAAAGCTGTCTA-1",5.61520617666837
"CATCGAACAAGAGGCT-1",5.88297211991879
"CATCGAACAAGCTGAG-1",0
"CATCGAACACATTTCT-1",6.43893212081049
"CATCGAACATAAAGGT-1",6.87353463028507
"CATCGAAGTAGTACCT-1",3.25559515334516
"CATCGAAGTCCGACGT-1",3.44693554777222
"CATCGAAGTGCACTTA-1",8.1383088782272
"CATCGAATCAAACCAC-1",2.02880853123836
"CATCGAATCCGCGGTA-1",1.99623969310687
"CATCGAATCCGTAGTA-1",4.26631674175417
"CATCGGGAGAAGCCCA-1",3.39643412905407
"CATCGGGAGCGAGAAA-1",3.61319198064713
"CATCGGGAGGGTGTGT-1",5.10277046171478
"CATCGGGAGGTGTTAA-1",1.50629793178557
"CATCGGGAGTGACTCT-1",5.55117233725218
"CATCGGGCACTCAGGC-1",2.1945553690584
"CATCGGGCAGACGCTC-1",9.14008117999578
"CATCGGGCATCACAAC-1",3.87597844655432
"CATCGGGGTCCTCTTG-1",0
"CATCGGGGTGAGGGAG-1",5.26470473234811
"CATCGGGGTTCGAATC-1",0
"CATCGGGTCAGGATCT-1",2.36886241630851
"CATCGGGTCCACGAAT-1",2.15972018187776
"CATCGGGTCGATGAGG-1",4.61247893810959
"CATGACAAGACCACGA-1",3.43633750279593
"CATGACAAGCTCCTCT-1",1.22711740621255
"CATGACAAGTAACCCT-1",4.33859955816781
"CATGACAAGTATCTCG-1",1.686659743766
"CATGACAGTCGTCTTC-1",5.65381273752266
"CATGACAGTGAACCTT-1",4.98315554151154
"CATGACATCAATAAGG-1",2.1065965598764
"CATGACATCTAACTGG-1",5.79672643767442
"CATGCCTAGACCTAGG-1",1.55185924223159
"CATGCCTAGAGTCTGG-1",2.6381292553027
"CATGCCTCACCACCAG-1",3.93765435021763
"CATGCCTGTCAAAGCG-1",5.5587344349254
"CATGCCTGTCGATTGT-1",3.4652757373014
"CATGCCTTCCACGACG-1",1.63255280174334
"CATGCCTTCCTCATTA-1",1.81118739678147
"CATGCCTTCGCATGAT-1",0
"CATGGCGAGAGCTGGT-1",4.19605739344798
"CATGGCGAGTACGACG-1",6.29830044702491
"CATGGCGTCCAAAGTC-1",2.90599769180423
"CATGGCGTCCCTTGTG-1",5.30434490730594
"CATGGCGTCGGCCGAT-1",4.02346703880741
"CATGGCGTCTCAAACG-1",3.45120370702587
"CATGGCGTCTGCCCTA-1",1.97242949798354
"CATTATCAGACCCACC-1",4.2763450268727
"CATTATCAGTCCCACG-1",4.62602382204575
"CATTATCCAAGTCTGT-1",0
"CATTATCCAGGGCATA-1",4.95076651368352
"CATTATCGTCAATGTC-1",1.80734463789444
"CATTATCTCACAAACC-1",2.02880853123836
"CATTATCTCAGATAAG-1",3.08899797597969
"CATTATCTCGCGTTTC-1",2.6381292553027
"CATTATCTCGTTGCCT-1",4.61624107428529
"CATTATCTCTATCCCG-1",1.83956601435704
"CATTATCTCTTAACCT-1",3.45120370702587
"CATTCGCAGGTGCTAG-1",0
"CATTCGCCAAGGGTCA-1",1.66477614270494
"CATTCGCCAGCCTATA-1",3.93904402579597
"CATTCGCCATACAGCT-1",3.36317515089486
"CATTCGCCATGGATGG-1",0
"CATTCGCCATGTCTCC-1",0
"CATTCGCCATTCACTT-1",5.61520617666837
"CATTCGCGTAGCACGA-1",5.30434490730594
"CATTCGCTCATCACCC-1",1.67281284037323
"CCAATCCAGACCACGA-1",2.02195542015221
"CCAATCCAGATATGGT-1",4.33859955816781
"CCAATCCAGTCGAGTG-1",0
"CCAATCCAGTCGTTTG-1",2.48147611469121
"CCAATCCAGTTTAGGA-1",2.45624829490049
"CCAATCCCAAGCGAGT-1",5.96895549742153
"CCAATCCTCGGACAAG-1",3.3431972370061
"CCACCTAAGGATGGTC-1",3.75400388439986
"CCACCTAAGTCGAGTG-1",2.05447253035063
"CCACCTAAGTGGGATC-1",5.31181159381515
"CCACCTAAGTGTGGCA-1",3.88444833564439
"CCACCTACAACAACCT-1",5.45815354078555
"CCACCTACAAGCCGCT-1",1.22711740621255
"CCACCTACAATCTACG-1",3.37443047289216
"CCACCTAGTAGTACCT-1",3.45120370702587
"CCACCTAGTCGCGTGT-1",5.18730189926096
"CCACCTAGTGGGTCAA-1",4.43040130671452
"CCACCTATCAGTTGAC-1",11.2204858176657
"CCACCTATCTGATACG-1",4.2924198380969
"CCACGGAAGGGAACGG-1",7.50541472257781
"CCACGGACATGTCGAT-1",2.7376969330521
"CCACGGAGTAAGGGCT-1",3.39289139300417
"CCACGGAGTCAGATAA-1",5.5587344349254
"CCACGGAGTCCGTGAC-1",2.53058667573078
"CCACGGAGTGTAATGA-1",6.80987839122225
"CCACGGAGTTCTGAAC-1",7.34078044140102
"CCACGGATCACATAGC-1",1.8964969142605
"CCACGGATCCACGTGG-1",6.43893212081049
"CCACGGATCTACTATC-1",5.2420674772499
"CCACGGATCTAGAGTC-1",0
"CCACTACAGAGTACCG-1",5.26236744106244
"CCACTACAGCTTTGGT-1",1.83956601435704
"CCACTACCAGCAGTTT-1",0
"CCACTACCAGTAGAGC-1",5.68410631620477
"CCACTACGTCCGAATT-1",5.96895549742153
"CCACTACGTCTCAACA-1",3.44693554777222
"CCACTACGTGACAAAT-1",1.09595271263235
"CCACTACGTGACCAAG-1",5.77998335472807
"CCACTACGTGCACGAA-1",6.72826379291127
"CCACTACTCACTCTTA-1",5.26236744106244
"CCACTACTCCGCATCT-1",4.9931306996088
"CCACTACTCGGAAATA-1",1.58802651512561
"CCACTACTCTCGTATT-1",5.68410631620477
"CCACTACTCTCGTTTA-1",4.04131271058565
"CCAGCGAAGCCCAACC-1",1.97456340207795
"CCAGCGACATCGGGTC-1",4.45509985928327
"CCAGCGACATGTCCTC-1",8.72129660178045
"CCAGCGAGTAGGCATG-1",0
"CCAGCGAGTCCGTTAA-1",3.31367240471796
"CCAGCGATCAGAAATG-1",0
"CCATGTCAGCGATCCC-1",3.53033872396598
"CCATGTCAGGTCGGAT-1",5.95111140304902
"CCATGTCAGGTTACCT-1",8.30081275267306
"CCATGTCCAAGCTGGA-1",5.96895549742153
"CCATGTCCACATCCGG-1",5.26236744106244
"CCATGTCGTCCAGTAT-1",3.70912950534404
"CCATGTCTCCAAGTAC-1",4.02346703880741
"CCATGTCTCTTGTATC-1",2.51894771481597
"CCATTCGCAGTACACT-1",1.7706907932308
"CCATTCGCAGTTTACG-1",3.8436492165927
"CCATTCGGTAATCGTC-1",5.30125139636101
"CCATTCGGTATTACCG-1",4.1778919504511
"CCCAATCAGTCACGCC-1",5.62523653646304
"CCCAATCCAGGTGGAT-1",3.30829494565913
"CCCAATCGTGAAGGCT-1",1.63255280174334
"CCCAATCGTTGGAGGT-1",12.1337064296966
"CCCAATCTCACATGCA-1",2.12261371354504
"CCCAATCTCCAGTATG-1",5.31181159381515
"CCCAATCTCGGAGCAA-1",4.95076651368352
"CCCAGTTAGAATAGGG-1",4.53146597516493
"CCCAGTTAGATCCCGC-1",1.4699371549693
"CCCAGTTAGCGTGAAC-1",1.81763797610274
"CCCAGTTAGGAATCGC-1",6.59114977951898
"CCCAGTTAGTCCGGTC-1",0
"CCCAGTTAGTTTGCGT-1",2.45624829490049
"CCCAGTTGTACATGTC-1",8.36990631778585
"CCCAGTTGTCTGCAAT-1",4.23970276814581
"CCCAGTTTCTGAAAGA-1",5.38079953381887
"CCCATACAGGGTTCCC-1",4.43040130671452
"CCCATACAGTGTTTGC-1",5.21980817920964
"CCCATACCAAAGGTGC-1",3.8436492165927
"CCCATACCAACACCCG-1",3.93904402579597
"CCCATACCAGCAGTTT-1",1.97456340207795
"CCCATACGTATTACCG-1",9.74779870710144
"CCCATACGTCAATACC-1",3.5298216860036
"CCCATACGTCTAGTCA-1",4.04131271058565
"CCCATACGTTGAGTTC-1",0
"CCCATACTCAATAAGG-1",2.90399644486171
"CCCATACTCAGCGACC-1",5.8747593405452
"CCCATACTCATCACCC-1",6.34624745502514
"CCCATACTCCGTAGGC-1",6.26394168330706
"CCCTCCTAGGAATCGC-1",2.29087922016553
"CCCTCCTCAGCTTAAC-1",6.90729502331184
"CCCTCCTCATATGAGA-1",3.47444918348479
"CCCTCCTCATCACGTA-1",3.1559999991496
"CCCTCCTGTATGGTTC-1",1.97242949798354
"CCCTCCTGTTAGATGA-1",2.68646607528998
"CCCTCCTTCAATCACG-1",6.01949796717968
"CCCTCCTTCCGCAGTG-1",4.9931306996088
"CCGGGATAGCTTCGCG-1",0
"CCGGGATAGGCGACAT-1",5.47697155473864
"CCGGGATAGGCTAGGT-1",5.24533464436378
"CCGGGATCACAGTCGC-1",7.11892225172854
"CCGGGATGTATAGGTA-1",6.40729408066593
"CCGGGATTCAGAGCTT-1",6.0874943284225
"CCGGGATTCGCTAGCG-1",1.95401084829981
"CCGGGATTCGCTTGTC-1",1.50629793178557
"CCGGTAGAGCGTCTAT-1",5.26236744106244
"CCGGTAGAGTACGCCC-1",10.3440272607819
"CCGGTAGCACATAACC-1",4.8504303026845
"CCGGTAGCACGCATCG-1",5.71714741456002
"CCGGTAGGTACTTCTT-1",3.85137049913074
"CCGGTAGGTCAAACTC-1",4.2714940663379
"CCGGTAGTCGTCCGTT-1",6.73945710304291
"CCGTACTAGAGAACAG-1",6.71420489060857
"CCGTACTAGTCCGTAT-1",6.34624745502514
"CCGTACTCAAGCCCAC-1",3.44693554777222
"CCGTACTCAAGCGAGT-1",0
"CCGTACTCATCCCACT-1",4.43040130671452
"CCGTACTGTACAGCAG-1",1.73033175497897
"CCGTACTGTGCGGTAA-1",0
"CCGTACTTCGTTACAG-1",6.34624745502514
"CCGTGGAAGACGCACA-1",5.42390865813172
"CCGTGGAAGAGTTGGC-1",3.23683617795716
"CCGTGGAAGGTGATAT-1",1.5240247353639
"CCGTGGAAGGTTCCTA-1",3.83415189914309
"CCGTGGACAGCCTTGG-1",0
"CCGTGGAGTTCCATGA-1",3.30829494565913
"CCGTGGATCTAACTTC-1",5.57383059815256
"CCGTTCAAGCGTAATA-1",5.54168530284554
"CCGTTCAAGTACGATA-1",1.5282513498452
"CCGTTCAAGTAGATGT-1",1.90277992121162
"CCGTTCACAGGATCGA-1",6.80987839122225
"CCGTTCAGTATAGGGC-1",1.54981001079568
"CCGTTCAGTCGCGAAA-1",0
"CCGTTCATCGTACCGG-1",1.55185924223159
"CCTAAAGAGAGTTGGC-1",6.0365082792979
"CCTAAAGCAAACCTAC-1",3.5517131947261
"CCTAAAGCATGTCTCC-1",5.68410631620477
"CCTAAAGGTACTCAAC-1",1.97242949798354
"CCTAAAGGTCGGCACT-1",4.69333323780629
"CCTAAAGGTGTAATGA-1",4.45509985928327
"CCTAAAGTCACCGTAA-1",5.12326205286471
"CCTAAAGTCAGCGATT-1",6.73945710304291
"CCTAAAGTCGGCGCTA-1",5.22558865352033
"CCTAAAGTCGGTCCGA-1",0
"CCTACACAGGACCACA-1",3.30829494565913
"CCTACACAGGGTGTTG-1",2.10280065697647
"CCTACACCAGTAAGAT-1",4.98310468533225
"CCTACACGTATAGTAG-1",6.71420489060857
"CCTACACGTCCGAACC-1",7.76786380312766
"CCTACACGTGGGTCAA-1",3.55998151984688
"CCTACACGTTTGACTG-1",3.71106785072559
"CCTACACTCGGCGCTA-1",3.75804260186868
"CCTACACTCGTGACAT-1",6.87942358512539
"CCTACCAAGATAGGAG-1",0
"CCTACCAAGCAAATCA-1",6.76440561468447
"CCTACCAAGCGTAGTG-1",3.78575079885942
"CCTACCAAGTGCGATG-1",3.90626648365546
"CCTACCAGTATCAGTC-1",11.0585577675074
"CCTACCAGTCTCTCTG-1",4.47579713382757
"CCTACCAGTCTTTCAT-1",3.30829494565913
"CCTACCATCAGCACAT-1",4.36259489967003
"CCTACCATCGCCAGCA-1",6.29830044702491
"CCTAGCTAGCAAATCA-1",2.15972018187776
"CCTAGCTAGCTCCTCT-1",5.96895549742153
"CCTAGCTAGGTTACCT-1",4.40515935939387
"CCTAGCTAGTACGCGA-1",5.45815354078555
"CCTAGCTCAATGAATG-1",7.07482112769382
"CCTAGCTCAATGGTCT-1",4.90498535612443
"CCTAGCTCACATCCAA-1",5.45815354078555
"CCTAGCTCAGCCAGAA-1",0
"CCTAGCTGTAGAAAGG-1",3.43884216718795
"CCTAGCTGTCACCCAG-1",1.8964969142605
"CCTAGCTGTCTGATTG-1",6.0365082792979
"CCTAGCTTCACGATGT-1",3.59084799387181
"CCTAGCTTCGTAGGAG-1",3.1559999991496
"CCTATTAAGAATTCCC-1",7.76786380312766
"CCTATTAAGCAGGCTA-1",4.69487795928669
"CCTATTAAGCAGGTCA-1",5.96895549742153
"CCTATTAAGGGAGTAA-1",3.61527187814654
"CCTATTAAGGTAGCCA-1",3.93458469913371
"CCTATTACACAACTGT-1",5.54168530284554
"CCTATTACACATCCGG-1",6.05077964122657
"CCTATTAGTCAATACC-1",1.22711740621255
"CCTATTATCATCACCC-1",1.52206179063153
"CCTATTATCTGCGACG-1",0
"CCTCAGTAGCTAACTC-1",2.09651480349671
"CCTCAGTCAGGTGGAT-1",5.12326205286471
"CCTCAGTGTCCATCCT-1",1.66269508910763
"CCTCAGTGTCCGACGT-1",3.17919375523003
"CCTCAGTGTCTTGTCC-1",5.88805150494887
"CCTCAGTGTGGGTATG-1",6.34624745502514
"CCTCTGAAGTATCGAA-1",3.83447112761304
"CCTCTGAAGTGGGTTG-1",4.2763450268727
"CCTCTGACAAGCTGTT-1",10.7973192355185
"CCTCTGACACCGATAT-1",4.69487795928669
"CCTCTGACAGATGAGC-1",8.44074143136808
"CCTCTGAGTCAATACC-1",1.5240247353639
"CCTCTGAGTCCGAACC-1",1.63687268336829
"CCTCTGAGTCGTGGCT-1",6.87396164302695
"CCTCTGAGTCTGATTG-1",0
"CCTTACGCAAGCGTAG-1",4.03671685317703
"CCTTACGCACCAACCG-1",1.22711740621255
"CCTTACGGTCATCCCT-1",6.37562605478344
"CCTTACGGTCCTCTTG-1",5.65381273752266
"CCTTACGTCACAACGT-1",4.10573369673154
"CCTTACGTCATCTGCC-1",4.56776077012142
"CCTTACGTCGGAGGTA-1",3.71151587742822
"CCTTCCCAGAGACTAT-1",2.59183417558456
"CCTTCCCAGCTAGGCA-1",2.6381292553027
"CCTTCCCAGGACGAAA-1",6.76440561468447
"CCTTCCCAGGGCATGT-1",6.84885029246985
"CCTTCCCAGGTACTCT-1",0
"CCTTCCCCATGATCCA-1",5.65381273752266
"CCTTCCCTCAAGGCTT-1",5.65381273752266
"CCTTCCCTCTATCCTA-1",3.54487782838931
"CCTTCCCTCTATCGCC-1",7.95513670018626
"CCTTCGAAGGCGCTCT-1",3.77903899834681
"CCTTCGACAACACCCG-1",6.80987839122225
"CCTTCGACAGCGATCC-1",3.19094643895283
"CCTTCGAGTAAGCACG-1",4.98310468533225
"CCTTCGAGTCCATGAT-1",5.54168530284554
"CCTTCGAGTGTGACCC-1",7.34078044140102
"CCTTCGAGTTGGTGGA-1",6.0874943284225
"CCTTCGATCACAGTAC-1",4.98315554151154
"CCTTCGATCCTATGTT-1",4.45509985928327
"CCTTCGATCGCACTCT-1",2.90599769180423
"CCTTTCTAGACGCTTT-1",1.55362088041835
"CCTTTCTAGGGCACTA-1",3.43297096030994
"CCTTTCTAGTGGAGTC-1",1.85441043418972
"CCTTTCTCAGACAAGC-1",3.93535529535641
"CCTTTCTCATCACGAT-1",7.07482112769382
"CCTTTCTCATGCCCGA-1",7.1328009411073
"CCTTTCTTCCCACTTG-1",3.66691393951051
"CCTTTCTTCTTTACGT-1",8.87884264800688
"CGAACATCACATGACT-1",6.26394168330706
"CGAACATCACTTGGAT-1",6.72826379291127
"CGAACATCAGTCCTTC-1",1.50684451275357
"CGAACATGTCTGATTG-1",1.81763797610274
"CGAACATGTGCTGTAT-1",5.55117233725218
"CGAACATTCTCAAACG-1",5.1876317417294
"CGAATGTAGAGGTTAT-1",4.02346703880741
"CGAATGTAGCGATAGC-1",0
"CGAATGTAGTTCGCAT-1",3.24670583384076
"CGAATGTCAATGCCAT-1",4.62602382204575
"CGAATGTGTCTAGTCA-1",7.4637237109602
"CGAATGTGTCTCACCT-1",6.0874943284225
"CGAATGTTCAACACAC-1",0
"CGAATGTTCATCACCC-1",5.10277046171478
"CGAATGTTCTGTACGA-1",6.29830044702491
"CGACCTTAGCTACCGC-1",5.55554841953319
"CGACCTTAGCTAGTCT-1",6.14839005420172
"CGACCTTCAAAGTGCG-1",3.63767801554698
"CGACCTTCACGAAATA-1",0
"CGACCTTGTAAGTGTA-1",6.26411931817128
"CGACCTTGTCAGAATA-1",6.71420489060857
"CGACCTTGTCTCCCTA-1",4.53146597516493
"CGACCTTGTCTCTTAT-1",3.93904402579597
"CGACCTTTCCGCGTTT-1",3.70694615053053
"CGACCTTTCGTTTATC-1",3.43633750279593
"CGACCTTTCTCCAGGG-1",3.17919375523003
"CGACTTCAGACACGAC-1",6.26394168330706
"CGACTTCAGGTAGCCA-1",7.32234926105612
"CGACTTCAGTCTTGCA-1",5.62523653646304
"CGACTTCCAATGGACG-1",5.96895549742153
"CGACTTCGTGGTGTAG-1",2.95627362710078
"CGACTTCGTTGAGTTC-1",1.77365793827803
"CGACTTCTCACTTACT-1",5.59832546037786
"CGACTTCTCTCGCTTG-1",5.38079953381887
"CGAGAAGAGAAACGCC-1",2.15094959722266
"CGAGAAGAGCCAACAG-1",3.05662369179892
"CGAGAAGAGCGTGTCC-1",2.17772677866473
"CGAGAAGCAAGTTCTG-1",1.63255280174334
"CGAGAAGCACATCCGG-1",6.0874943284225
"CGAGAAGCAGGCTGAA-1",3.44693554777222
"CGAGAAGTCGGATGGA-1",7.32234926105612
"CGAGCACAGCCAGAAC-1",1.67281284037323
"CGAGCACCACATGTGT-1",3.53735554110615
"CGAGCACGTAGCGTCC-1",5.5587344349254
"CGAGCACGTAGCGTGA-1",6.26394168330706
"CGAGCACGTCAGATAA-1",6.94874660682095
"CGAGCACGTGCCTTGG-1",1.09595271263235
"CGAGCACTCCCGGATG-1",2.02880853123836
"CGAGCACTCCGCTGTT-1",1.81763797610274
"CGAGCACTCGTGACAT-1",5.45815354078555
"CGAGCCAAGCTAGCCC-1",4.02346703880741
"CGAGCCAGTATATCCG-1",6.0874943284225
"CGAGCCAGTCAAGCGA-1",5.5587344349254
"CGATCGGAGAGCCTAG-1",2.53058667573078
"CGATCGGAGTACGATA-1",2.05447253035063
"CGATCGGCAAACGCGA-1",6.01128122164008
"CGATCGGCAAGCGATG-1",1.63687268336829
"CGATCGGCAATACGCT-1",0
"CGATCGGCAGTTAACC-1",1.97242949798354
"CGATCGGCATACTCTT-1",6.76440561468447
"CGATCGGGTCGACTGC-1",1.58802651512561
"CGATCGGTCAACGGGA-1",1.83956601435704
"CGATCGGTCTAGCACA-1",3.29559867664406
"CGATGGCAGCCGTCGT-1",4.89111809523416
"CGATGGCAGTCCAGGA-1",5.30231746960932
"CGATGGCCACTTAACG-1",1.78884874323438
"CGATGGCCAGCGTAAG-1",2.59183417558456
"CGATGGCCATCATCCC-1",4.90498535612443
"CGATGGCTCCTAGAAC-1",5.57383059815256
"CGATGGCTCGCTAGCG-1",1.50629793178557
"CGATGGCTCTGACCTC-1",5.52873365758682
"CGATGTAAGGCAATTA-1",2.6665066901071
"CGATGTAAGTTTGCGT-1",6.35824392662605
"CGATGTACACAGGCCT-1",4.53146597516493
"CGATGTACAGGTCTCG-1",3.55131355478711
"CGATGTAGTCCAGTGC-1",1.9634270728463
"CGATGTAGTCTAGGTT-1",5.75592616738844
"CGATGTAGTGTGCCTG-1",7.11541539024388
"CGATGTAGTTTGCATG-1",1.64189179728152
"CGATTGAAGATGTGGC-1",6.43893212081049
"CGATTGACAGACGCAA-1",3.74702939784521
"CGATTGAGTATGGTTC-1",1.66269508910763
"CGATTGAGTTCAGACT-1",5.77998335472807
"CGATTGATCATGGTCA-1",2.15972018187776
"CGATTGATCTGCGGCA-1",0
"CGCCAAGAGAATGTTG-1",3.72423085873211
"CGCCAAGAGACCTTTG-1",8.87884264800688
"CGCCAAGAGATCGGGT-1",4.1778919504511
"CGCCAAGAGATCTGAA-1",1.80734463789444
"CGCCAAGAGCGTGTCC-1",4.90727209398586
"CGCCAAGGTCTAGGTT-1",3.70694615053053
"CGCCAAGTCAGGATCT-1",1.66269508910763
"CGCCAAGTCCACTCCA-1",2.68708489041059
"CGCCAAGTCTTGTTTG-1",4.43040130671452
"CGCGGTAAGCTAGCCC-1",0
"CGCGGTAAGGGTTCCC-1",2.1065965598764
"CGCGGTACAAACTGCT-1",2.05447253035063
"CGCGGTACAATGGAAT-1",6.90729502331184
"CGCGGTACAGCTGTTA-1",3.3431972370061
"CGCGGTAGTCAAGCGA-1",2.20007408950475
"CGCGGTAGTGAGGCTA-1",1.90716114638537
"CGCGGTAGTTTGCATG-1",2.48147611469121
"CGCGTTTAGTTATCGC-1",3.43633750279593
"CGCGTTTCAACAACCT-1",7.50541472257781
"CGCGTTTCAAGCGAGT-1",3.75099424198234
"CGCGTTTCAATGGACG-1",1.55185924223159
"CGCGTTTCACGGTGTC-1",3.55928930533807
"CGCGTTTGTGCTGTAT-1",6.70593436313372
"CGCGTTTGTGGACGAT-1",6.74697036666735
"CGCGTTTTCAAACCGT-1",3.70694615053053
"CGCGTTTTCAGCCTAA-1",4.9931306996088
"CGCGTTTTCCTATGTT-1",0
"CGCGTTTTCGTGGTCG-1",1.35759546618832
"CGCTATCAGAAACCGC-1",4.07834979891539
"CGCTATCAGTCATCCA-1",3.44392200092995
"CGCTATCCAAGCGAGT-1",4.69333323780629
"CGCTATCCAGTCGATT-1",3.63287376857714
"CGCTATCCATCGACGC-1",2.52959946373823
"CGCTATCCATTTCAGG-1",3.08899797597969
"CGCTATCGTACCGAGA-1",3.05693295840552
"CGCTATCGTTCGAATC-1",1.34570908100481
"CGCTATCGTTTCGCTC-1",4.33859955816781
"CGCTATCTCGTTACAG-1",6.02623594204453
"CGCTGGAAGGACATTA-1",3.39289139300417
"CGCTGGAAGGGCACTA-1",3.73481981576731
"CGCTGGAAGGTGATAT-1",1.55185924223159
"CGCTGGACAGACTCGC-1",3.48892558142103
"CGCTGGAGTGTAATGA-1",5.55554841953319
"CGCTGGAGTTCTGGTA-1",3.50556314289915
"CGCTGGATCCGAAGAG-1",0
"CGCTGGATCCGTTGCT-1",5.55554841953319
"CGCTGGATCGTAGGAG-1",5.38079953381887
"CGCTGGATCGTTACAG-1",1.81763797610274
"CGCTTCAAGAAGGGTA-1",1.45490401742683
"CGCTTCAAGGTCGGAT-1",3.87597844655432
"CGCTTCACACGGTGTC-1",3.45334576091502
"CGCTTCACAGACAAGC-1",3.08899797597969
"CGCTTCACATCACCCT-1",5.59832546037786
"CGCTTCAGTCGCGGTT-1",3.83415189914309
"CGCTTCATCTTAGAGC-1",4.71092307024775
"CGGACACAGCGATATA-1",5.50708485881088
"CGGACACAGCGATGAC-1",8.42091193902524
"CGGACACAGCTTCGCG-1",3.70694615053053
"CGGACACAGGTAAACT-1",4.07834979891539
"CGGACACAGTAGCCGA-1",4.07834979891539
"CGGACACCACAGGAGT-1",1.99623969310687
"CGGACACCATTCACTT-1",3.14098897022177
"CGGACACGTGAGCGAT-1",1.42564878117569
"CGGACACGTGCTCTTC-1",0
"CGGACACGTGTGACCC-1",3.78575079885942
"CGGACGTAGGTTACCT-1",3.14312023408865
"CGGACGTCATGGGACA-1",3.63767801554698
"CGGACGTGTGAAAGAG-1",7.63586481378844
"CGGACGTGTTGGTAAA-1",1.81936793330905
"CGGACGTTCATGTGGT-1",5.77998335472807
"CGGACGTTCTGTCCGT-1",5.95753006875513
"CGGACTGAGGAGCGAG-1",1.66269508910763
"CGGACTGAGGAGTCTG-1",1.50684451275357
"CGGACTGAGTGGTAGC-1",3.87597844655432
"CGGACTGCAACTTGAC-1",2.19903389428245
"CGGACTGCAATGACCT-1",5.45815354078555
"CGGACTGCACAACGTT-1",4.8504303026845
"CGGACTGCACGCCAGT-1",3.83447112761304
"CGGACTGCAGTATGCT-1",0
"CGGACTGGTAAAGGAG-1",1.55185924223159
"CGGACTGGTATAAACG-1",1.74812676048036
"CGGACTGGTGTAAGTA-1",1.66477614270494
"CGGACTGGTGTGGTTT-1",1.7900947443555
"CGGACTGGTTGACGTT-1",3.73481981576731
"CGGACTGTCCATGCTC-1",5.85755209543355
"CGGACTGTCCGTCAAA-1",9.72702334706759
"CGGACTGTCGTTTGCC-1",5.8747593405452
"CGGAGCTAGTTTAGGA-1",5.12326205286471
"CGGAGCTGTAGAAAGG-1",3.75099424198234
"CGGAGCTTCACTTATC-1",3.95792485861803
"CGGAGCTTCATGTAGC-1",1.79217625746399
"CGGAGCTTCCACGAAT-1",5.36747369766496
"CGGAGTCAGTGCGATG-1",6.74697036666735
"CGGAGTCAGTGTGAAT-1",0
"CGGAGTCCAGTGGGAT-1",4.89111809523416
"CGGAGTCCATTATCTC-1",2.89368845639012
"CGGAGTCGTAGCTGCC-1",4.07834979891539
"CGGAGTCGTGTTCGAT-1",1.90277992121162
"CGGAGTCTCCCAGGTG-1",3.30829494565913
"CGGAGTCTCCGTAGTA-1",5.31181159381515
"CGGCTAGAGAAACGCC-1",5.45815354078555
"CGGCTAGAGCACCGTC-1",3.83447112761304
"CGGCTAGAGCTAAACA-1",0
"CGGCTAGCAGACAAAT-1",1.83956601435704
"CGGCTAGGTAACGCGA-1",1.8964969142605
"CGGCTAGGTTCATGGT-1",5.12326205286471
"CGGCTAGTCAAAGACA-1",6.14839005420172
"CGGCTAGTCGTGGGAA-1",1.95401084829981
"CGGCTAGTCTTGTTTG-1",3.30829494565913
"CGGGTCAAGAGTCGGT-1",4.14089883750386
"CGGGTCAAGCACACAG-1",4.90498535612443
"CGGGTCAAGCTAACTC-1",4.98310468533225
"CGGGTCAAGGACACCA-1",6.72826379291127
"CGGGTCAAGTATGACA-1",6.22521171867147
"CGGGTCACAATGACCT-1",8.30081275267306
"CGGGTCACACCGAAAG-1",4.9931306996088
"CGGGTCACAGCCACCA-1",2.12520704909252
"CGGGTCACATACAGCT-1",3.72423085873211
"CGGGTCACATCCTTGC-1",1.79217625746399
"CGGGTCAGTAGCGCTC-1",5.06098996627479
"CGGGTCAGTCGATTGT-1",0
"CGGGTCAGTGCAACTT-1",1.81333117234219
"CGGGTCAGTTGTTTGG-1",8.42091193902524
"CGGGTCATCAACACCA-1",2.85249544891478
"CGGGTCATCACCTTAT-1",6.32481345777745
"CGGGTCATCCACGACG-1",1.39066019417414
"CGGTTAACAGGACCCT-1",5.54014421595783
"CGGTTAACATGTCCTC-1",0
"CGGTTAACATTCCTGC-1",3.30829494565913
"CGGTTAAGTCGACTGC-1",3.95496830494764
"CGGTTAATCCGGCACA-1",0
"CGGTTAATCCTTTCGG-1",5.21980817920964
"CGGTTAATCTTATCTG-1",1.66477614270494
"CGTAGCGAGATGTAAC-1",1.09595271263235
"CGTAGCGAGGCAATTA-1",3.25559515334516
"CGTAGCGCAAGCGCTC-1",0
"CGTAGCGTCCAACCAA-1",1.7900947443555
"CGTAGCGTCGGCGGTT-1",7.95513670018626
"CGTAGGCAGGGCTCTC-1",3.6493082397387
"CGTAGGCCAAGCGATG-1",5.06098996627479
"CGTAGGCCACTAAGTC-1",4.29043146787456
"CGTAGGCCAGAGTGTG-1",7.94991719370874
"CGTAGGCCATCCCATC-1",2.85249544891478
"CGTAGGCGTATTAGCC-1",6.79111808363433
"CGTAGGCGTCAATACC-1",3.8436492165927
"CGTAGGCGTGGCGAAT-1",0
"CGTAGGCTCCAGAAGG-1",5.68410631620477
"CGTCACTAGTCATGCT-1",10.3440272607819
"CGTCACTCAAAGCGGT-1",3.81916826322017
"CGTCACTCAGGTCCAC-1",5.12326205286471
"CGTCACTCAGTCACTA-1",8.80788721466595
"CGTCACTTCCTTGACC-1",3.5517131947261
"CGTCACTTCGGTGTTA-1",4.43040130671452
"CGTCACTTCTGTGCAA-1",1.09595271263235
"CGTCACTTCTTGAGAC-1",6.81616342938876
"CGTCAGGAGCTGTTCA-1",7.34078044140102
"CGTCAGGCAAAGCAAT-1",7.82181261096456
"CGTCAGGCAAAGCGGT-1",5.38079953381887
"CGTCAGGCAACACGCC-1",4.02346703880741
"CGTCAGGCATCCGCGA-1",6.73945710304291
"CGTCAGGGTCAGCTAT-1",1.77609937832505
"CGTCAGGGTCGTTGTA-1",1.69025567164657
"CGTCAGGGTGTAAGTA-1",5.31181159381515
"CGTCAGGTCCACTGGG-1",8.36990631778585
"CGTCAGGTCGACAGCC-1",1.40906951443495
"CGTCAGGTCGGGAGTA-1",5.06098996627479
"CGTCCATAGACCACGA-1",5.79672643767442
"CGTCCATAGCGATTCT-1",9.9669798022717
"CGTCCATAGGCTATCT-1",0
"CGTCCATAGTCTCAAC-1",7.32234926105612
"CGTCCATCACGACTCG-1",4.02346703880741
"CGTCCATCATTCACTT-1",3.30829494565913
"CGTCCATGTCTAGCGC-1",4.65613290926524
"CGTCCATGTGATAAAC-1",4.23970276814581
"CGTCCATGTTTGGGCC-1",3.37443047289216
"CGTCCATGTTTGTGTG-1",3.73481981576731
"CGTCCATTCAACACCA-1",6.34624745502514
"CGTCCATTCATTCACT-1",4.95076651368352
"CGTCTACAGTGCGTGA-1",5.10277046171478
"CGTCTACGTAGTAGTA-1",2.12261371354504
"CGTCTACTCGAGCCCA-1",0
"CGTCTACTCGCCATAA-1",3.45120370702587
"CGTCTACTCGGCCGAT-1",4.23970276814581
"CGTCTACTCGTCCAGG-1",4.89111809523416
"CGTGAGCAGATCTGAA-1",7.61890752815158
"CGTGAGCAGCAATCTC-1",5.16782627472455
"CGTGAGCAGCGGATCA-1",3.15571686159173
"CGTGAGCAGCTAGTGG-1",3.83415189914309
"CGTGAGCAGCTTCGCG-1",7.11541539024388
"CGTGAGCAGGGCACTA-1",1.84179578144619
"CGTGAGCAGGGTGTGT-1",0
"CGTGAGCAGTGGAGAA-1",4.6030922087695
"CGTGAGCCAAGCCGCT-1",5.85755209543355
"CGTGAGCCACGTAAGG-1",7.82181261096456
"CGTGAGCCATACGCCG-1",1.95401084829981
"CGTGAGCGTAGATTAG-1",6.35824392662605
"CGTGAGCGTCTCTTAT-1",3.11509583652187
"CGTGAGCTCACAAACC-1",3.9985575560304
"CGTGAGCTCCAAATGC-1",5.31181159381515
"CGTGAGCTCCGAGCCA-1",4.61247893810959
"CGTGAGCTCGTTGCCT-1",4.90498535612443
"CGTGAGCTCTGGGCCA-1",3.96129037564826
"CGTGTAAAGATAGTCA-1",1.83956601435704
"CGTGTAAAGGTGTTAA-1",5.50708485881088
"CGTGTAAAGTACATGA-1",4.2763450268727
"CGTGTAACATGGGACA-1",5.95753006875513
"CGTGTAAGTGTCTGAT-1",8.17757303975716
"CGTGTAATCTACTATC-1",2.15972018187776
"CGTGTAATCTCGATGA-1",5.20119056129781
"CGTGTAATCTTTAGTC-1",3.52457825845656
"CGTGTCTAGGCGCTCT-1",4.65613290926524
"CGTGTCTAGGGATGGG-1",4.90360431410099
"CGTGTCTCAGACAAAT-1",0
"CGTGTCTCAGACACTT-1",1.60688281682492
"CGTGTCTGTAAGAGGA-1",11.2963219195727
"CGTGTCTGTATATGAG-1",6.0874943284225
"CGTGTCTGTCAAAGCG-1",7.0057110355119
"CGTGTCTGTTCCGTCT-1",3.88444833564439
"CGTGTCTTCAATCACG-1",1.09595271263235
"CGTGTCTTCAGAGGTG-1",5.36747369766496
"CGTGTCTTCATAGCAC-1",0
"CGTGTCTTCCGAACGC-1",0
"CGTGTCTTCGGCATCG-1",1.5282513498452
"CGTGTCTTCGTGGACC-1",5.30231746960932
"CGTGTCTTCTACTTAC-1",5.16782627472455
"CGTGTCTTCTGAGTGT-1",4.33859955816781
"CGTTAGAAGATCTGAA-1",2.20007408950475
"CGTTAGAAGGCCCTTG-1",4.04131271058565
"CGTTAGACACGAAAGC-1",6.71420489060857
"CGTTAGACAGCTTCGG-1",5.5587344349254
"CGTTAGAGTTTAAGCC-1",6.26411931817128
"CGTTAGATCACTTATC-1",3.55928930533807
"CGTTAGATCAGCCTAA-1",1.66200281472335
"CGTTCTGAGAAGGGTA-1",5.22305985149321
"CGTTCTGAGTGAACAT-1",1.90277992121162
"CGTTCTGCAGCTCGCA-1",2.1945553690584
"CGTTCTGCATTGGCGC-1",3.81916826322017
"CGTTCTGGTGAGGGTT-1",4.45509985928327
"CGTTCTGTCTGATTCT-1",6.34624745502514
"CGTTGGGAGCTAGTTC-1",1.66269508910763
"CGTTGGGAGGATGCGT-1",2.6381292553027
"CGTTGGGCACATTAGC-1",4.43040130671452
"CGTTGGGCAGACAGGT-1",3.87597844655432
"CGTTGGGGTTCCCGAG-1",3.85137049913074
"CGTTGGGTCATGCTCC-1",3.14312023408865
"CGTTGGGTCCATGAAC-1",3.17976290458652
"CGTTGGGTCTACCAGA-1",5.85755209543355
"CTAACTTAGTCCTCCT-1",3.3304072656543
"CTAACTTCAATAGCAA-1",1.74812676048036
"CTAACTTCAATCGGTT-1",1.31660881005734
"CTAACTTGTGAGGCTA-1",0
"CTAACTTTCGTACGGC-1",3.61319198064713
"CTAACTTTCTGGCGTG-1",6.34624745502514
"CTAAGACAGGGAAACA-1",8.87884264800688
"CTAAGACAGTACATGA-1",5.21244018066693
"CTAAGACAGTTCGCGC-1",0
"CTAAGACCAAGTAATG-1",4.2763450268727
"CTAAGACCAGTAAGAT-1",1.8293964807525
"CTAAGACCATGCAATC-1",6.35824392662605
"CTAAGACGTAAGGATT-1",1.9607996208036
"CTAAGACGTATCAGTC-1",3.43297096030994
"CTAAGACGTCACCTAA-1",1.29100395438662
"CTAAGACTCGTTGCCT-1",3.83415189914309
"CTAAGACTCTTACCGC-1",5.88243616058153
"CTAAGACTCTTGAGGT-1",1.95401084829981
"CTAATGGAGCAATCTC-1",0
"CTAATGGAGCGCTCCA-1",8.44074143136808
"CTAATGGAGCTCCCAG-1",4.1778919504511
"CTAATGGAGCTGAAAT-1",2.22287769010855
"CTAATGGAGTTAGGTA-1",6.14839005420172
"CTAATGGCATGGAATA-1",5.38079953381887
"CTAATGGGTACCGCTG-1",5.54168530284554
"CTAATGGGTCTAGCGC-1",3.66691393951051
"CTAATGGGTGAGGGAG-1",0
"CTAATGGGTTGGTGGA-1",4.62602382204575
"CTAATGGTCATGCTCC-1",0
"CTAATGGTCCACTGGG-1",5.12326205286471
"CTAATGGTCCGTTGCT-1",3.53033872396598
"CTAATGGTCCTAGAAC-1",3.30436825204165
"CTACACCAGTGCGATG-1",3.0732682392807
"CTACACCCACGGACAA-1",1.82153623319303
"CTACACCGTAATAGCA-1",3.47444918348479
"CTACACCGTCTGATTG-1",5.22305985149321
"CTACACCGTTCGTCTC-1",4.45509985928327
"CTACACCTCAGAAATG-1",4.47579713382757
"CTACACCTCGGCTTGG-1",4.38580710245907
"CTACACCTCGGTCCGA-1",4.98310468533225
"CTACACCTCTCGCATC-1",2.17772677866473
"CTACACCTCTCTGCTG-1",5.59832546037786
"CTACATTAGATCACGG-1",0
"CTACATTCACTCGACG-1",1.8964969142605
"CTACATTCATTTCACT-1",5.59832546037786
"CTACATTGTGATGATA-1",4.02346703880741
"CTACATTGTTCGAATC-1",4.02346703880741
"CTACATTTCAACGCTA-1",5.62523653646304
"CTACATTTCGCCATAA-1",1.82153623319303
"CTACATTTCTAGCACA-1",2.67110542125041
"CTACCCACACAGAGGT-1",0
"CTACCCACACGACGAA-1",3.30829494565913
"CTACCCACATGGTTGT-1",1.68989523212849
"CTACCCAGTATCTGCA-1",1.80734463789444
"CTACCCAGTATGAATG-1",6.80987839122225
"CTACCCAGTCAGAAGC-1",1.81333117234219
"CTACCCAGTGTGACCC-1",1.58802651512561
"CTACCCAGTTATGTGC-1",6.22521171867147
"CTACCCATCTACGAGT-1",5.75592616738844
"CTACGTCAGGTGCAAC-1",5.96895549742153
"CTACGTCAGTGCGATG-1",1.54981001079568
"CTACGTCAGTTGTCGT-1",1.34570908100481
"CTACGTCCATATACCG-1",1.66200281472335
"CTACGTCGTATATGGA-1",2.52959946373823
"CTACGTCGTGTGGTTT-1",0
"CTACGTCTCAAAGTAG-1",1.95401084829981
"CTACGTCTCACGACTA-1",7.76786380312766
"CTACGTCTCACGGTTA-1",2.68646607528998
"CTACGTCTCCTAGAAC-1",6.71420489060857
"CTAGAGTAGCTGTCTA-1",1.09595271263235
"CTAGAGTAGGATCGCA-1",2.36886241630851
"CTAGAGTAGTCCATAC-1",3.4652757373014
"CTAGAGTCACATTAGC-1",3.10826892114673
"CTAGAGTCAGTATGCT-1",3.63767801554698
"CTAGAGTCATACTCTT-1",1.09595271263235
"CTAGAGTCATGTAAGA-1",2.39155582030483
"CTAGAGTGTGACCAAG-1",7.95513670018626
"CTAGAGTTCAACACCA-1",1.61393302355103
"CTAGAGTTCCGTCAAA-1",4.1778919504511
"CTAGAGTTCCTAAGTG-1",6.90729502331184
"CTAGAGTTCGCCAGCA-1",0
"CTAGAGTTCGCTTAGA-1",1.09595271263235
"CTAGAGTTCGTGACAT-1",2.51894771481597
"CTAGAGTTCTGATTCT-1",7.28585146477814
"CTAGCCTCACCAGATT-1",7.18858697636031
"CTAGCCTGTATATCCG-1",1.54981001079568
"CTAGCCTGTGATGCCC-1",4.36259489967003
"CTAGCCTTCGGGAGTA-1",2.6665066901071
"CTAGTGAAGCTGGAAC-1",3.79658382971711
"CTAGTGAAGTGTACCT-1",1.83734307652052
"CTAGTGACAAGTCTAC-1",1.90277992121162
"CTAGTGACAGGATCGA-1",3.83415189914309
"CTAGTGAGTTATGCGT-1",3.81916826322017
"CTAGTGATCAGTTGAC-1",7.50541472257781
"CTAGTGATCCAGTAGT-1",4.90498535612443
"CTCACACAGCTAAGAT-1",3.05225357729561
"CTCACACAGCTGCCCA-1",5.12326205286471
"CTCACACAGGATGCGT-1",1.99844174348819
"CTCACACCACGTAAGG-1",1.84179578144619
"CTCACACCACTGTTAG-1",1.80606827324287
"CTCACACCATATACGC-1",3.8436492165927
"CTCACACGTGCTGTAT-1",5.0490652691967
"CTCACACGTTCCATGA-1",5.33936665677536
"CTCACACGTTTGGGCC-1",0
"CTCACACTCACCGGGT-1",2.39155582030483
"CTCACACTCATCGGAT-1",3.90019231327473
"CTCACACTCCGCGCAA-1",2.36886241630851
"CTCACACTCTAACCGA-1",3.52457825845656
"CTCAGAAAGAGCTGCA-1",6.71420489060857
"CTCAGAAAGGAGTAGA-1",8.30081275267306
"CTCAGAACAACGCACC-1",1.50629793178557
"CTCAGAACAAGCGATG-1",0
"CTCAGAACAGGGCATA-1",3.39289139300417
"CTCAGAAGTGACGGTA-1",3.56793077237824
"CTCAGAATCTTAACCT-1",3.4652757373014
"CTCATTAAGAACTGTA-1",4.29043146787456
"CTCATTACATGGTCAT-1",5.95753006875513
"CTCATTAGTGTAACGG-1",3.74702939784521
"CTCATTAGTTTACTCT-1",3.30436825204165
"CTCCTAGCAAGTACCT-1",4.98310468533225
"CTCCTAGCAATTCCTT-1",4.2714940663379
"CTCCTAGCACTGTCGG-1",1.90277992121162
"CTCCTAGCAGTCCTTC-1",3.10826892114673
"CTCCTAGCATAACCTG-1",3.93904402579597
"CTCCTAGCATGCGCAC-1",0
"CTCCTAGGTAGAAAGG-1",3.53735554110615
"CTCCTAGGTCCGAGTC-1",4.95693876187966
"CTCCTAGGTCTAGCCG-1",4.9931306996088
"CTCCTAGGTGTTTGTG-1",3.95496830494764
"CTCCTAGGTTCGTGAT-1",0
"CTCCTAGGTTGTTTGG-1",6.64394365873604
"CTCCTAGTCACTTACT-1",4.10573369673154
"CTCCTAGTCTCATTCA-1",7.07482112769382
"CTCGAAAAGCCCAACC-1",0
"CTCGAAAAGCTATGCT-1",2.76846580412193
"CTCGAAAAGGCCCTTG-1",1.97242949798354
"CTCGAAAAGGGCTTCC-1",0
"CTCGAAACAAGCCGTC-1",0
"CTCGAAACACATTAGC-1",4.14089883750386
"CTCGAAACACCGAAAG-1",1.4699371549693
"CTCGAAACACGGCTAC-1",5.38079953381887
"CTCGAAACAGTAAGAT-1",6.76440561468447
"CTCGAGGAGCCATCGC-1",5.22305985149321
"CTCGAGGAGGGCTTCC-1",3.56793077237824
"CTCGAGGCAGATAATG-1",1.7706907932308
"CTCGAGGGTATTCTCT-1",0
"CTCGAGGGTGCCTGGT-1",5.45815354078555
"CTCGGAGAGTCCCACG-1",1.85441043418972
"CTCGGAGCACTTCTGC-1",0
"CTCGGAGCAGCTGCAC-1",3.038318093429
"CTCGGAGCAGGATCGA-1",5.83501336135543
"CTCGGAGGTAGCCTAT-1",3.45120370702587
"CTCGGAGGTCATGCCG-1",3.3431972370061
"CTCGGAGTCAAACGGG-1",0
"CTCGGAGTCACATACG-1",3.79658382971711
"CTCGGAGTCAGCTTAG-1",3.45120370702587
"CTCGGGAAGACCTAGG-1",5.59832546037786
"CTCGGGACACAGCCCA-1",6.84980914318613
"CTCGGGACATAAAGGT-1",5.77998335472807
"CTCGGGACATCCCACT-1",2.68708489041059
"CTCGGGACATGTCGAT-1",8.17757303975716
"CTCGGGAGTCGCGTGT-1",4.56776077012142
"CTCGGGAGTGACTACT-1",3.61527187814654
"CTCGGGAGTTACGACT-1",4.9931306996088
"CTCGGGATCCGTACAA-1",3.56825565513815
"CTCGGGATCCTTGACC-1",3.54487782838931
"CTCGGGATCTTGTTTG-1",1.76557996364628
"CTCGTACAGCGATAGC-1",6.34624745502514
"CTCGTACCAGCGTAAG-1",1.95401084829981
"CTCGTACCATAGTAAG-1",4.0387204980254
"CTCGTACGTAGAGTGC-1",4.90498535612443
"CTCGTACGTATCACCA-1",6.45312112602068
"CTCGTACGTGCAGTAG-1",4.62602382204575
"CTCGTACTCAAAGTAG-1",6.71420489060857
"CTCGTACTCAATCTCT-1",3.21322446697284
"CTCGTACTCGTTGCCT-1",1.99844174348819
"CTCGTACTCTGGTTCC-1",3.72423085873211
"CTCGTCAAGATGCCTT-1",1.58802651512561
"CTCGTCAAGTGGAGTC-1",2.85249544891478
"CTCGTCAAGTTTGCGT-1",3.90626648365546
"CTCGTCACAACGATCT-1",3.14098897022177
"CTCGTCACACATCCGG-1",7.94991719370874
"CTCGTCACAGTCGTGC-1",6.74697036666735
"CTCGTCAGTCTCATCC-1",0
"CTCGTCAGTCTCCATC-1",3.55928930533807
"CTCGTCAGTGAGCGAT-1",7.99651838129963
"CTCGTCAGTTGACGTT-1",7.82181261096456
"CTCGTCAGTTGGGACA-1",5.22305985149321
"CTCGTCATCACTTATC-1",5.18730189926096
"CTCGTCATCGACCAGC-1",6.87353463028507
"CTCGTCATCTGCTGTC-1",5.79672643767442
"CTCTAATCACCAGGTC-1",4.73060083441894
"CTCTAATCACGGTGTC-1",5.45815354078555
"CTCTAATCAGGAATCG-1",2.05447253035063
"CTCTAATGTCCAAGTT-1",6.02623594204453
"CTCTACGAGCTAAACA-1",1.66269508910763
"CTCTACGAGCTAGTGG-1",0
"CTCTACGAGTACGCCC-1",5.04660390434776
"CTCTACGAGTAGGCCA-1",7.18474436309284
"CTCTACGCAATAACGA-1",5.83501336135543
"CTCTACGCAGACGCTC-1",7.34078044140102
"CTCTACGCATGACATC-1",0
"CTCTACGTCATGTCTT-1",5.45815354078555
"CTCTACGTCCCTAATT-1",3.19543307939821
"CTCTACGTCGGCATCG-1",3.10826892114673
"CTCTACGTCGGTCTAA-1",1.66269508910763
"CTCTGGTAGCGTTCCG-1",3.038318093429
"CTCTGGTAGGCATGGT-1",4.6030922087695
"CTCTGGTAGTGCCAGA-1",0
"CTCTGGTCACAAGCCC-1",3.79926515877812
"CTCTGGTCAGCCTTTC-1",5.88805150494887
"CTCTGGTTCATCTGTT-1",6.90589175779057
"CTCTGGTTCTTGTACT-1",5.55117233725218
"CTGAAACAGATCCCGC-1",3.50556314289915
"CTGAAACAGGTGCTAG-1",0
"CTGAAACAGTCCGTAT-1",4.07834979891539
"CTGAAACAGTGTCTCA-1",7.11541539024388
"CTGAAACGTCATCGGC-1",2.59183417558456
"CTGAAACGTTAAAGAC-1",2.85925810294485
"CTGAAACTCATACGGT-1",3.45334576091502
"CTGAAGTAGTGCGTGA-1",4.73815407770112
"CTGAAGTCAGCTGTAT-1",1.7706907932308
"CTGAAGTGTTAAAGTG-1",1.84179578144619
"CTGAAGTTCAAGCCTA-1",1.66477614270494
"CTGAAGTTCGGATGTT-1",4.97253531470174
"CTGATAGAGGGAGTAA-1",4.40140081375888
"CTGATAGAGTGCAAGC-1",5.65381273752266
"CTGATAGCAGCCTTTC-1",3.30829494565913
"CTGATAGCATCCCATC-1",3.90626648365546
"CTGATAGCATCTCCCA-1",5.35485904492143
"CTGATAGGTCAAAGCG-1",3.44693554777222
"CTGATAGGTCGCTTTC-1",0
"CTGATAGGTTACGACT-1",5.12326205286471
"CTGATAGTCGCGATCG-1",3.50294219361809
"CTGATCCAGGCATTGG-1",3.79658382971711
"CTGATCCAGGTGACCA-1",3.50294219361809
"CTGATCCCACAGAGGT-1",3.79926515877812
"CTGATCCCAGGCTGAA-1",3.71151587742822
"CTGATCCGTGCCTGGT-1",3.66691393951051
"CTGATCCGTTATCCGA-1",4.10573369673154
"CTGATCCGTTGTGGCC-1",0
"CTGCCTAAGGGTCTCC-1",4.10371037462655
"CTGCCTAAGGTGATAT-1",2.51894771481597
"CTGCCTAAGTACGCGA-1",3.55998151984688
"CTGCCTAAGTGCGTGA-1",7.28585146477814
"CTGCCTACATCCCACT-1",4.69333323780629
"CTGCCTATCAATAAGG-1",3.44693554777222
"CTGCGGAAGAAGGACA-1",3.08899797597969
"CTGCGGAAGAGCTGGT-1",2.68646607528998
"CTGCGGAAGATGAGAG-1",8.44074143136808
"CTGCGGACAGGTCGTC-1",5.30231746960932
"CTGCGGACATGTCTCC-1",3.50294219361809
"CTGCGGAGTCACTTCC-1",6.14839005420172
"CTGCGGAGTCGTGGCT-1",3.20389803553291
"CTGCGGAGTTCTGTTT-1",5.38569187840972
"CTGCGGAGTTGGACCC-1",3.1564767011551
"CTGCGGATCGCCTGTT-1",1.63687268336829
"CTGCGGATCTTACCGC-1",2.06582408852915
"CTGCTGTAGGGTGTTG-1",1.66269508910763
"CTGCTGTAGTACCGGA-1",3.27595363950896
"CTGCTGTAGTGGAGAA-1",6.94455773947242
"CTGCTGTCACATCTTT-1",4.98310468533225
"CTGCTGTGTTAAAGAC-1",2.67110542125041
"CTGCTGTTCTCCAACC-1",5.5587344349254
"CTGCTGTTCTTACCGC-1",8.55959955566064
"CTGGTCTAGCGTTGCC-1",4.2714940663379
"CTGGTCTAGGACAGCT-1",1.66200281472335
"CTGGTCTAGGGCTTGA-1",4.69333323780629
"CTGGTCTAGTCGAGTG-1",3.56825565513815
"CTGGTCTCAAAGGAAG-1",6.14839005420172
"CTGGTCTCACCAGTTA-1",3.31367240471796
"CTGGTCTGTACCTACA-1",8.42091193902524
"CTGGTCTGTACGCTGC-1",4.61247893810959
"CTGGTCTGTCCGCTGA-1",5.75592616738844
"CTGGTCTGTCCGTTAA-1",3.63531319262125
"CTGGTCTGTTCATGGT-1",1.29100395438662
"CTGGTCTGTTCGTGAT-1",3.4652757373014
"CTGGTCTTCAACGGGA-1",6.87396164302695
"CTGGTCTTCACTTACT-1",10.0665683410717
"CTGGTCTTCTTACCTA-1",0
"CTGTGCTGTATATCCG-1",5.95753006875513
"CTGTGCTGTCATCCCT-1",5.55117233725218
"CTGTGCTGTCCCTACT-1",3.43633750279593
"CTGTGCTGTCGGCACT-1",0
"CTGTGCTTCCATTCTA-1",2.1065965598764
"CTGTTTAAGAAACCGC-1",10.3440272607819
"CTGTTTAAGATCGATA-1",0
"CTGTTTAAGGAGTTGC-1",6.9833076289232
"CTGTTTAGTCAAAGCG-1",0
"CTGTTTATCAGCCTAA-1",0
"CTGTTTATCATTTGGG-1",6.14323601479672
"CTGTTTATCTCCAGGG-1",3.13031181871514
"CTGTTTATCTCTTGAT-1",5.85755209543355
"CTGTTTATCTTCTGGC-1",4.81546164004264
"CTTAACTAGCCAGTAG-1",8.30081275267306
"CTTAACTAGGCTCTTA-1",5.12326205286471
"CTTAACTAGGTGCACA-1",6.90729502331184
"CTTAACTAGTCTCGGC-1",5.95753006875513
"CTTACCGAGCGCTTAT-1",2.19903389428245
"CTTACCGAGGCTACGA-1",0
"CTTACCGCAGATCTGT-1",0
"CTTACCGCAGTCAGAG-1",4.69333323780629
"CTTACCGGTCCTGCTT-1",4.9931306996088
"CTTACCGGTCGCCATG-1",7.95513670018626
"CTTACCGGTCTACCTC-1",9.74779870710144
"CTTACCGTCGGACAAG-1",3.73618048622414
"CTTAGGAAGCCCAACC-1",1.90716114638537
"CTTAGGACACGACGAA-1",3.87597844655432
"CTTAGGAGTTATGTGC-1",3.78568184768099
"CTTAGGATCCCATTTA-1",2.68708489041059
"CTTAGGATCTTTACAC-1",4.66419754420828
"CTTCTCTAGAACTCGG-1",2.45624829490049
"CTTCTCTAGAGTGAGA-1",8.87884264800688
"CTTCTCTAGCAGGCTA-1",1.50629793178557
"CTTCTCTAGTTAACGA-1",8.17757303975716
"CTTCTCTCAAAGGTGC-1",3.05693295840552
"CTTCTCTGTAACGACG-1",2.52959946373823
"CTTCTCTGTGCATCTA-1",1.82153623319303
"CTTCTCTTCGAGCCCA-1",5.65381273752266
"CTTGGCTAGCGATATA-1",6.72826379291127
"CTTGGCTAGTACGTTC-1",5.96895549742153
"CTTGGCTCATTACCTT-1",5.38079953381887
"CTTGGCTGTCTCCATC-1",0
"CTTGGCTTCCCTAATT-1",1.58802651512561
"CTTGGCTTCGCGTAGC-1",5.55554841953319
"CTTGGCTTCTCGTTTA-1",4.61247893810959
"CTTTGCGAGCAAATCA-1",7.82181261096456
"CTTTGCGAGCGTTCCG-1",7.17516116696259
"CTTTGCGAGTATCTCG-1",4.89111809523416
"CTTTGCGCAATTCCTT-1",1.34570908100481
"CTTTGCGCACTTAAGC-1",1.66200281472335
"CTTTGCGCAGACGCAA-1",2.12261371354504
"CTTTGCGGTAGAGGAA-1",1.29100395438662
"CTTTGCGTCCAGGGCT-1",4.9931306996088
"GAAACTCAGAGACGAA-1",8.87884264800688
"GAAACTCAGAGGTTAT-1",3.31367240471796
"GAAACTCAGCAGCCTC-1",6.71420489060857
"GAAACTCAGCCCAGCT-1",7.28585146477814
"GAAACTCAGCTAAACA-1",2.96045488508998
"GAAACTCAGTGCTGCC-1",5.99695364105198
"GAAACTCCAAGCCCAC-1",1.95401084829981
"GAAACTCCACATGACT-1",0
"GAAACTCCAGACACTT-1",3.00321462531973
"GAAACTCCATGGATGG-1",1.55185924223159
"GAAACTCGTACTCGCG-1",0
"GAAACTCGTAGCGATG-1",3.56793077237824
"GAAACTCGTGTGAAAT-1",5.31181159381515
"GAAACTCGTTTGTGTG-1",3.62702855270611
"GAAATGAAGCCAGTTT-1",1.85441043418972
"GAAATGAAGCTAGTCT-1",1.52206179063153
"GAAATGAAGTACGTAA-1",1.7900947443555
"GAAATGATCATGCTCC-1",3.55928930533807
"GAAATGATCCTCGCAT-1",2.59183417558456
"GAACATCAGATGGCGT-1",1.85441043418972
"GAACATCCAACAACCT-1",4.04131271058565
"GAACATCCACATCTTT-1",7.99651838129963
"GAACATCCACCTATCC-1",6.76440561468447
"GAACATCCACGGACAA-1",3.52457825845656
"GAACATCCATGCTAGT-1",1.81763797610274
"GAACATCGTACGACCC-1",3.72423085873211
"GAACATCGTGGACGAT-1",6.01128122164008
"GAACATCGTTCCCGAG-1",3.55050520570039
"GAACATCTCCAAGTAC-1",5.77998335472807
"GAACATCTCGATCCCT-1",1.77609937832505
"GAACATCTCTCCAACC-1",3.95792485861803
"GAACCTAAGAACTGTA-1",6.84980914318613
"GAACCTAAGAGCAATT-1",2.53058667573078
"GAACCTAAGCCAGTAG-1",1.67281284037323
"GAACCTACAAGGACAC-1",0
"GAACCTACAGACACTT-1",5.12326205286471
"GAACCTAGTACCAGTT-1",3.25559515334516
"GAACCTAGTGTCAATC-1",5.40285105689492
"GAACCTATCACGATGT-1",1.93755687852634
"GAACGGAAGACGCAAC-1",6.22521171867147
"GAACGGAAGTAATCCC-1",1.73071383450644
"GAACGGAAGTCAATAG-1",1.8964969142605
"GAACGGAAGTGGACGT-1",1.8964969142605
"GAACGGACACAGCGTC-1",0
"GAACGGACACCTCGTT-1",6.90729502331184
"GAACGGACACTTAACG-1",4.02346703880741
"GAACGGAGTAGCGTAG-1",1.77609937832505
"GAACGGAGTCAGAGGT-1",1.90277992121162
"GAACGGAGTGGCGAAT-1",6.88303006810403
"GAACGGATCACTCCTG-1",4.58631611199682
"GAACGGATCCACGAAT-1",2.48147611469121
"GAACGGATCGTAGGAG-1",2.68708489041059
"GAACGGATCTGTCAAG-1",2.15972018187776
"GAAGCAGAGACTAAGT-1",5.65381273752266
"GAAGCAGAGAGACGAA-1",8.30081275267306
"GAAGCAGAGCCACGCT-1",4.14089883750386
"GAAGCAGAGTTCGCGC-1",5.06098996627479
"GAAGCAGCAATCCGAT-1",4.2714940663379
"GAAGCAGCAGATCTGT-1",4.81606643859833
"GAAGCAGCAGATGAGC-1",1.7900947443555
"GAAGCAGCATGAACCT-1",7.76786380312766
"GAAGCAGCATGGAATA-1",0
"GAAGCAGGTAACGCGA-1",3.9985575560304
"GAAGCAGGTCATACTG-1",8.44074143136808
"GAAGCAGTCCTAGTGA-1",5.68709894207023
"GAAGCAGTCTTATCTG-1",4.19605739344798
"GAATAAGCAAGGTGTG-1",2.6665066901071
"GAATAAGCAGACAAGC-1",7.11541539024388
"GAATAAGCATGCAACT-1",1.80734463789444
"GAATAAGGTCCGTTAA-1",2.59183417558456
"GAATAAGGTGAGTGAC-1",8.17757303975716
"GAATAAGGTTCCCTTG-1",5.57383059815256
"GAATAAGTCGTTTAGG-1",3.78575079885942
"GAATGAAAGAGTCTGG-1",2.59183417558456
"GAATGAAAGCTTATCG-1",0
"GAATGAAAGGCATGTG-1",9.87570171972316
"GAATGAACAAACGCGA-1",6.76440561468447
"GAATGAACAGTGAGTG-1",1.96448062371802
"GAATGAACATCATCCC-1",5.80292492315603
"GAATGAAGTCAACATC-1",4.2714940663379
"GAATGAAGTCTCACCT-1",5.85755209543355
"GAATGAAGTGGCAAAC-1",1.63687268336829
"GAATGAAGTTGCGTTA-1",4.53146597516493
"GAATGAATCAGTTAGC-1",6.01949796717968
"GAATGAATCCTGCCAT-1",2.17772677866473
"GACACGCAGACGCACA-1",5.04980472153499
"GACACGCAGAGTAATC-1",4.10573369673154
"GACACGCAGCCAACAG-1",3.88711477578596
"GACACGCAGGAGTTTA-1",3.61527187814654
"GACACGCAGGGCATGT-1",1.99623969310687
"GACACGCAGGTGCACA-1",3.74702939784521
"GACACGCAGTCCAGGA-1",2.5981813787391
"GACACGCAGTGGGATC-1",4.69333323780629
"GACACGCAGTGGGTTG-1",6.01949796717968
"GACACGCCAAGCGTAG-1",2.17772677866473
"GACACGCCAAGGACAC-1",3.55928930533807
"GACACGCCAGACGCTC-1",0
"GACACGCCATCCTTGC-1",4.61247893810959
"GACACGCGTTCACGGC-1",9.72702334706759
"GACACGCTCATGTAGC-1",3.08899797597969
"GACAGAGAGTACGATA-1",5.85755209543355
"GACAGAGCAACGATCT-1",3.75099424198234
"GACAGAGCAAGTCTAC-1",6.35824392662605
"GACAGAGCAGCTCCGA-1",1.66200281472335
"GACAGAGCAGCTGGCT-1",3.038318093429
"GACAGAGTCAAACAAG-1",3.05693295840552
"GACAGAGTCAGAGACG-1",1.97456340207795
"GACAGAGTCCTTCAAT-1",1.66269508910763
"GACAGAGTCCTTGCCA-1",5.26236744106244
"GACAGAGTCTTCATGT-1",2.51894771481597
"GACCAATAGAAGGGTA-1",5.04660390434776
"GACCAATAGCTACCGC-1",5.16782627472455
"GACCAATAGCTACCTA-1",1.89794210856257
"GACCAATCAGGTGCCT-1",2.67110542125041
"GACCAATCATGCGCAC-1",2.10280065697647
"GACCAATGTACAGTTC-1",4.04131271058565
"GACCAATGTCGCTTCT-1",1.97456340207795
"GACCAATTCCGATATG-1",3.35004369440156
"GACCAATTCGAATGGG-1",3.50294219361809
"GACCAATTCGTCACGG-1",5.55117233725218
"GACCTGGCATCACAAC-1",6.71420489060857
"GACCTGGCATGTCTCC-1",3.5298216860036
"GACCTGGCATTGGCGC-1",0
"GACCTGGGTAAAGGAG-1",6.71420489060857
"GACCTGGGTCCAGTTA-1",2.65747705199148
"GACCTGGGTGCAGTAG-1",8.17757303975716
"GACCTGGTCATAGCAC-1",6.26394168330706
"GACCTGGTCCTTGCCA-1",1.7706907932308
"GACCTGGTCGCATGAT-1",8.87884264800688
"GACCTGGTCGTCACGG-1",3.14312023408865
"GACGCGTAGTGGTAAT-1",2.53058667573078
"GACGCGTAGTTGTAGA-1",0
"GACGCGTGTAAAGGAG-1",3.75099424198234
"GACGCGTGTGTGAAAT-1",4.8504303026845
"GACGCGTGTTAAGACA-1",3.1564767011551
"GACGCGTTCAAACCGT-1",1.82153623319303
"GACGCGTTCCAAATGC-1",3.36317515089486
"GACGCGTTCCGCGGTA-1",3.43633750279593
"GACGCGTTCCTACAGA-1",1.63687268336829
"GACGCGTTCTCCGGTT-1",1.22711740621255
"GACGGCTAGAAGATTC-1",3.93904402579597
"GACGGCTAGAGCTGGT-1",5.55554841953319
"GACGGCTCAAGGTTTC-1",3.29559867664406
"GACGGCTCACCGCTAG-1",5.45815354078555
"GACGGCTCATGAACCT-1",5.62523653646304
"GACGGCTCATGCAACT-1",2.6665066901071
"GACGGCTGTGTGTGCC-1",4.0387204980254
"GACGGCTGTTATGTGC-1",1.72047038548075
"GACGGCTGTTTGGCGC-1",1.686659743766
"GACGGCTTCTATCGCC-1",5.38569187840972
"GACGTGCAGGCAAAGA-1",5.68410631620477
"GACGTGCAGGGTGTGT-1",3.10826892114673
"GACGTGCAGGTGTTAA-1",1.63255280174334
"GACGTGCCAGGTCGTC-1",5.77998335472807
"GACGTGCGTAACGTTC-1",11.0585577675074
"GACGTGCTCACCTCGT-1",2.15972018187776
"GACGTTAAGCTACCGC-1",2.89368845639012
"GACGTTAAGGCAAAGA-1",2.90599769180423
"GACGTTAAGTCAAGCG-1",5.79672643767442
"GACGTTACAAGCCATT-1",3.78568184768099
"GACGTTACAAGGTTTC-1",0
"GACGTTACAGACACTT-1",4.36259489967003
"GACGTTAGTATCTGCA-1",2.45624829490049
"GACGTTAGTTTGACAC-1",3.39289139300417
"GACGTTAGTTTGACTG-1",5.06098996627479
"GACGTTATCACAGGCC-1",6.82184275936872
"GACGTTATCATTGCGA-1",3.90626648365546
"GACGTTATCCCGGATG-1",3.43633750279593
"GACGTTATCCGAAGAG-1",3.52457825845656
"GACGTTATCGCGTTTC-1",6.45312112602068
"GACGTTATCTGTCCGT-1",3.39001855776188
"GACTAACAGACAGAGA-1",2.90599769180423
"GACTAACAGTGGAGAA-1",0
"GACTAACCAAATCCGT-1",1.90716114638537
"GACTAACGTCTAGTCA-1",1.09595271263235
"GACTAACGTGCAACTT-1",2.15972018187776
"GACTAACGTTCAGACT-1",2.3436347039647
"GACTAACTCCTTTCTC-1",1.85441043418972
"GACTAACTCTTGCCGT-1",8.17757303975716
"GACTAACTCTTTACAC-1",2.6665066901071
"GACTACAAGATATGGT-1",3.50294219361809
"GACTACACAAATCCGT-1",5.0332604094689
"GACTACAGTGCTGTAT-1",5.65381273752266
"GACTACATCAGCCTAA-1",1.95401084829981
"GACTACATCAGGTAAA-1",2.55448323226992
"GACTACATCTGCAGTA-1",2.51894771481597
"GACTGCGAGCGTAGTG-1",2.15094959722266
"GACTGCGAGTTGTAGA-1",3.71151587742822
"GACTGCGCACTTAACG-1",1.58802651512561
"GACTGCGCATGTTCCC-1",3.87597844655432
"GACTGCGGTACGCACC-1",1.52206179063153
"GACTGCGGTTCTCATT-1",3.53033872396598
"GACTGCGTCAACACAC-1",4.33859955816781
"GACTGCGTCACGACTA-1",2.1065965598764
"GACTGCGTCGCCCTTA-1",5.62523653646304
"GACTGCGTCTCAAACG-1",0
"GAGCAGAGTAGGGTAC-1",6.84885029246985
"GAGCAGAGTCAGATAA-1",3.30436825204165
"GAGCAGAGTCATATGC-1",1.95401084829981
"GAGCAGAGTGAGCGAT-1",3.50294219361809
"GAGCAGAGTGTAACGG-1",5.8747593405452
"GAGCAGAGTGTGACCC-1",5.09948675494072
"GAGCAGAGTTCGGGCT-1",1.72766303247411
"GAGCAGAGTTTAAGCC-1",6.35824392662605
"GAGCAGAGTTTGCATG-1",4.61247893810959
"GAGGTGAAGCAACGGT-1",5.26236744106244
"GAGGTGAAGGCTCTTA-1",5.68410631620477
"GAGGTGAAGTGGTAGC-1",2.52959946373823
"GAGGTGAAGTTGTAGA-1",3.43633750279593
"GAGGTGACACTGTCGG-1",9.72702334706759
"GAGGTGACATCCTTGC-1",5.77998335472807
"GAGGTGACATGCATGT-1",3.6355342166213
"GAGGTGAGTACCTACA-1",2.1065965598764
"GAGGTGAGTCATTAGC-1",5.65381273752266
"GAGGTGAGTTCCTCCA-1",5.61520617666837
"GAGGTGATCATCGCTC-1",0
"GAGGTGATCTAGAGTC-1",1.8964969142605
"GAGGTGATCTCTAGGA-1",2.68646607528998
"GAGGTGATCTGCTGTC-1",0
"GAGGTGATCTGGGCCA-1",0
"GAGTCCGAGGACAGAA-1",6.74697036666735
"GAGTCCGAGGCATGTG-1",2.02880853123836
"GAGTCCGAGGCGTACA-1",4.29281222340357
"GAGTCCGCAAACCCAT-1",3.21727737593981
"GAGTCCGGTCAAGCGA-1",0
"GAGTCCGGTGACCAAG-1",1.83956601435704
"GAGTCCGGTGACTCAT-1",8.7342369083871
"GAGTCCGGTGTGACCC-1",5.85571010417463
"GAGTCCGGTTCGGGCT-1",1.80734463789444
"GAGTCCGGTTTGCATG-1",3.45120370702587
"GAGTCCGTCGGCGCAT-1",5.06098996627479
"GAGTCCGTCTGATTCT-1",3.73618048622414
"GATCAGTAGATGTCGG-1",4.95076651368352
"GATCAGTAGTGGTAGC-1",4.2924198380969
"GATCAGTGTATATGAG-1",4.61247893810959
"GATCAGTGTCTGCGGT-1",1.82153623319303
"GATCAGTGTTATGCGT-1",3.44693554777222
"GATCAGTGTTGTACAC-1",4.61247893810959
"GATCGATAGAATGTTG-1",6.45312112602068
"GATCGATAGAGCTGCA-1",0
"GATCGATAGCATGGCA-1",1.90277992121162
"GATCGATCAAGCGAGT-1",5.57383059815256
"GATCGATCAAGCGTAG-1",6.05077964122657
"GATCGATGTCAACATC-1",5.79672643767442
"GATCGATGTTGCCTCT-1",0
"GATCGATTCCGCATCT-1",3.95792485861803
"GATCGCGAGATAGTCA-1",3.83581221662017
"GATCGCGAGCCTTGAT-1",3.30829494565913
"GATCGCGAGGAGCGTT-1",1.97242949798354
"GATCGCGCAGGTCGTC-1",8.42091193902524
"GATCGCGGTACAGCAG-1",8.30081275267306
"GATCGCGGTGAGTATA-1",2.02880853123836
"GATCGCGGTTGTCGCG-1",1.97456340207795
"GATCGCGTCACTCCTG-1",6.87353463028507
"GATCGTAAGACATAAC-1",2.17772677866473
"GATCGTAAGCTCAACT-1",3.73481981576731
"GATCGTACATAACCTG-1",1.67281284037323
"GATCGTAGTGGCTCCA-1",3.52457825845656
"GATCGTATCATATCGG-1",1.90716114638537
"GATCGTATCATGTCCC-1",10.3440272607819
"GATCGTATCTTACCGC-1",3.14098897022177
"GATCTAGAGCGTCTAT-1",2.39155582030483
"GATCTAGAGTGGAGAA-1",3.66691393951051
"GATCTAGCAACACCTA-1",1.67281284037323
"GATCTAGCAAGGGTCA-1",3.83415189914309
"GATCTAGGTCTAAAGA-1",1.63687268336829
"GATCTAGGTCTCACCT-1",3.93904402579597
"GATCTAGGTCTCTTTA-1",0
"GATCTAGTCACATAGC-1",1.686659743766
"GATCTAGTCTAAGCCA-1",4.95076651368352
"GATGAAAAGAGTAATC-1",2.39155582030483
"GATGAAAAGCTCCCAG-1",3.17919375523003
"GATGAAACACGGTAGA-1",1.63255280174334
"GATGAAACAGCTGTAT-1",6.90729502331184
"GATGAAAGTGGGTATG-1",2.17772677866473
"GATGAAATCACCCTCA-1",8.55959955566064
"GATGAAATCACTCCTG-1",3.93904402579597
"GATGAAATCAGCAACT-1",7.32234926105612
"GATGAAATCGAGAGCA-1",5.1876317417294
"GATGAGGAGATCCCGC-1",6.0874943284225
"GATGAGGAGTTCGATC-1",7.20540145330964
"GATGAGGCACCAGTTA-1",4.90727209398586
"GATGAGGGTATCACCA-1",2.20007408950475
"GATGAGGGTATTCGTG-1",8.93386128030636
"GATGAGGGTCGCGTGT-1",8.42091193902524
"GATGAGGGTGATGATA-1",1.63687268336829
"GATGAGGTCACAGGCC-1",3.13031181871514
"GATGAGGTCACATAGC-1",0
"GATGAGGTCCCTTGTG-1",2.71812438801341
"GATGAGGTCTGCTGTC-1",2.1065965598764
"GATGCTAAGACTAAGT-1",1.66200281472335
"GATGCTAAGGATGCGT-1",5.57383059815256
"GATGCTAAGGCTCTTA-1",0
"GATGCTAAGGGAACGG-1",6.72826379291127
"GATGCTAAGTATCTCG-1",2.68646607528998
"GATGCTAAGTCTCGGC-1",7.18584302256109
"GATGCTACATGTTGAC-1",2.15972018187776
"GATGCTACATTGCGGC-1",2.68708489041059
"GATGCTAGTCTCCATC-1",2.20007408950475
"GATGCTAGTGGAAAGA-1",0
"GATGCTAGTTAGGGTG-1",4.62602382204575
"GATGCTATCCTGTACC-1",4.1778919504511
"GATGCTATCGGCGCTA-1",5.26470473234811
"GATTCAGAGAAACCTA-1",1.52206179063153
"GATTCAGAGAGTGACC-1",4.87530637956721
"GATTCAGAGATTACCC-1",8.17757303975716
"GATTCAGAGGGTCGAT-1",5.12326205286471
"GATTCAGAGGTCGGAT-1",2.15229261345577
"GATTCAGAGTCAATAG-1",3.45120370702587
"GATTCAGCAAGTTGTC-1",2.17772677866473
"GATTCAGCAATTCCTT-1",3.83415189914309
"GATTCAGCAGGGTACA-1",2.15094959722266
"GATTCAGCATCGACGC-1",0
"GATTCAGCATTATCTC-1",2.65747705199148
"GATTCAGGTAAATACG-1",6.35824392662605
"GATTCAGTCAACTCTT-1",7.34078044140102
"GCAAACTAGATGTTAG-1",0
"GCAAACTAGTCATGCT-1",7.18858697636031
"GCAAACTAGTCTCAAC-1",0
"GCAAACTCACAGGTTT-1",0
"GCAAACTGTCAGATAA-1",1.77609937832505
"GCAAACTGTCTCCATC-1",1.84179578144619
"GCAAACTTCGTGGTCG-1",2.6665066901071
"GCAATCAAGGGATCTG-1",4.62174837179244
"GCAATCAAGTATCTCG-1",8.31350578394698
"GCAATCAAGTGGGTTG-1",7.34078044140102
"GCAATCACAGCTTAAC-1",7.99651838129963
"GCAATCACATGTCGAT-1",6.79111808363433
"GCAATCACATTCCTCG-1",8.44074143136808
"GCAATCAGTAGGAGTC-1",5.95753006875513
"GCAATCAGTATAATGG-1",5.99695364105198
"GCAATCAGTTCTCATT-1",1.72766303247411
"GCAATCAGTTCTGGTA-1",4.23970276814581
"GCACATAAGAGCTATA-1",1.7706907932308
"GCACATAAGATGTTAG-1",3.72423085873211
"GCACATAAGCCTTGAT-1",1.42564878117569
"GCACATAAGGAGTACC-1",3.22856195570486
"GCACATAAGTGAAGTT-1",1.9634270728463
"GCACATACACCACGTG-1",3.71151587742822
"GCACATACAGCTGTAT-1",6.37562605478344
"GCACATACAGGAACGT-1",3.55131355478711
"GCACATAGTCATCGGC-1",3.61527187814654
"GCACATAGTCCGAATT-1",3.95496830494764
"GCACATAGTCTCTTTA-1",4.0387204980254
"GCACATAGTGCGCTTG-1",3.30220454314886
"GCACATATCACCTCGT-1",6.14323601479672
"GCACATATCTGGTTCC-1",0
"GCACTCTCAAGACACG-1",6.34624745502514
"GCACTCTCAATCACAC-1",2.85249544891478
"GCACTCTCATTTCAGG-1",4.9931306996088
"GCACTCTGTAAACCTC-1",1.77609937832505
"GCACTCTGTACCAGTT-1",6.84980914318613
"GCACTCTGTAGAAAGG-1",1.67281284037323
"GCACTCTGTCGAACAG-1",6.29830044702491
"GCACTCTGTCTAGGTT-1",3.83415189914309
"GCACTCTTCAACTCTT-1",8.55959955566064
"GCACTCTTCCCTAATT-1",1.09595271263235
"GCACTCTTCTGCCCTA-1",0
"GCAGCCAAGCTGATAA-1",1.52206179063153
"GCAGCCACATGAGCGA-1",0
"GCAGCCAGTAATCGTC-1",5.47697155473864
"GCAGCCAGTGTCGCTG-1",3.63767801554698
"GCAGCCATCAGTTGAC-1",1.77609937832505
"GCAGCCATCCCAACGG-1",3.45120370702587
"GCAGCCATCCGTACAA-1",1.22711740621255
"GCAGTTAAGTCCATAC-1",5.54168530284554
"GCAGTTAAGTCCGTAT-1",0
"GCAGTTAAGTTAACGA-1",1.7706907932308
"GCAGTTAGTGGACGAT-1",0
"GCAGTTAGTTATTCTC-1",8.7342369083871
"GCAGTTATCGCGATCG-1",0
"GCATACAAGATCTGCT-1",3.038318093429
"GCATACAAGCAACGGT-1",5.54168530284554
"GCATACACAACGCACC-1",5.01694132689128
"GCATACACAAGGACTG-1",0
"GCATACACAAGTCTGT-1",2.06582408852915
"GCATACACAGTCAGCC-1",4.1778919504511
"GCATACACATCCTAGA-1",5.26470473234811
"GCATACACATCGGAAG-1",1.9634270728463
"GCATACAGTCCGAACC-1",6.96846314462872
"GCATACAGTTCTGGTA-1",3.51306326347524
"GCATACATCCACGACG-1",1.90277992121162
"GCATGATAGAATGTTG-1",5.06098996627479
"GCATGATAGAGTAATC-1",1.4699371549693
"GCATGATAGCTGATAA-1",1.67281284037323
"GCATGATAGGACCACA-1",4.1778919504511
"GCATGATAGGCTAGCA-1",5.24533464436378
"GCATGATAGTCAAGCG-1",2.05447253035063
"GCATGATAGTGGAGAA-1",2.85249544891478
"GCATGATCACACCGAC-1",3.50294219361809
"GCATGATCACATTTCT-1",10.3440272607819
"GCATGATGTCCCTACT-1",6.14839005420172
"GCATGATGTTGCGCAC-1",1.7706907932308
"GCATGATTCGTGGACC-1",1.85441043418972
"GCATGCGAGCATGGCA-1",8.44074143136808
"GCATGCGAGTCCAGGA-1",1.81333117234219
"GCATGCGCACTGCCAG-1",0
"GCATGCGGTAAGGATT-1",2.20007408950475
"GCATGCGGTCCTCTTG-1",3.85137049913074
"GCATGCGGTGTGAAAT-1",1.97242949798354
"GCATGCGTCCGCGGTA-1",8.17757303975716
"GCATGTAAGAACTGTA-1",5.50708485881088
"GCATGTAAGACAGACC-1",1.80606827324287
"GCATGTAAGTACTTGC-1",2.91506119232348
"GCATGTAAGTGCAAGC-1",10.3440272607819
"GCATGTACAACACGCC-1",3.63767801554698
"GCATGTATCACGAAGG-1",1.22711740621255
"GCCAAATCAAACTGTC-1",2.89368845639012
"GCCAAATCAAGGGTCA-1",3.74702939784521
"GCCAAATCAAGTTCTG-1",0
"GCCAAATCATAACCTG-1",3.30829494565913
"GCCAAATGTATAAACG-1",2.68708489041059
"GCCAAATGTGTTTGGT-1",2.85249544891478
"GCCAAATGTTTCGCTC-1",3.05452682112972
"GCCAAATTCAGGTAAA-1",2.6381292553027
"GCCAAATTCCGAGCCA-1",2.02880853123836
"GCCAAATTCCGCGGTA-1",7.11892225172854
"GCCAAATTCGGCTACG-1",6.72826379291127
"GCCTCTAAGAGTACCG-1",4.53146597516493
"GCCTCTAAGCCATCGC-1",1.99623969310687
"GCCTCTAAGCCGCCTA-1",3.81916826322017
"GCCTCTAAGCGATAGC-1",3.14098897022177
"GCCTCTAAGCTGCAAG-1",5.65381273752266
"GCCTCTAAGCTTCGCG-1",3.83415189914309
"GCCTCTAAGTCACGCC-1",5.83501336135543
"GCCTCTACAAGACGTG-1",3.4652757373014
"GCCTCTACAGCTATTG-1",3.70912950534404
"GCCTCTAGTAAGGATT-1",1.85441043418972
"GCCTCTAGTGATGATA-1",1.67281284037323
"GCCTCTAGTTAAGGGC-1",5.79672643767442
"GCCTCTATCAGCGACC-1",6.29830044702491
"GCCTCTATCCGATATG-1",7.99651838129963
"GCCTCTATCGAATCCA-1",3.81916826322017
"GCCTCTATCGAGCCCA-1",1.52206179063153
"GCCTCTATCGCTGATA-1",2.06582408852915
"GCCTCTATCTTTAGGG-1",3.3431972370061
"GCGACCAAGAGGTTAT-1",0
"GCGACCACACTTACGA-1",1.9607996208036
"GCGACCAGTCAGGACA-1",3.31367240471796
"GCGACCAGTCTAGAGG-1",1.09595271263235
"GCGACCATCAACGGGA-1",3.63744646050673
"GCGACCATCCCGGATG-1",3.87597844655432
"GCGACCATCTACTCAT-1",1.97242949798354
"GCGAGAAAGGTTCCTA-1",5.38079953381887
"GCGAGAAAGTACGATA-1",4.14089883750386
"GCGAGAAAGTGTCTCA-1",3.3431972370061
"GCGAGAACAAGCCCAC-1",2.06582408852915
"GCGAGAACACTGAAGG-1",1.96448062371802
"GCGAGAAGTAGCGCTC-1",1.83956601435704
"GCGAGAAGTCCCTACT-1",4.90498535612443
"GCGAGAATCCTTTCGG-1",2.12261371354504
"GCGAGAATCGAGAGCA-1",3.4652757373014
"GCGAGAATCGCACTCT-1",5.95556410398227
"GCGCAACAGTCCTCCT-1",2.39155582030483
"GCGCAACAGTGTACGG-1",4.95076651368352
"GCGCAACCAAGTCTGT-1",3.17976290458652
"GCGCAACCAGCCACCA-1",4.07834979891539
"GCGCAACGTAGCGCTC-1",0
"GCGCAACGTCCCTTGT-1",5.24533464436378
"GCGCAACGTCCTAGCG-1",5.65381273752266
"GCGCAACGTCGACTAT-1",2.12520704909252
"GCGCAACGTCTAGAGG-1",6.94874660682095
"GCGCAACTCAATACCG-1",6.20760224211755
"GCGCAGTCACATCCAA-1",1.66477614270494
"GCGCAGTCATTACCTT-1",10.3440272607819
"GCGCAGTGTTAGGGTG-1",9.72702334706759
"GCGCAGTTCGATCCCT-1",7.6245347944235
"GCGCAGTTCGCGGATC-1",2.36886241630851
"GCGCCAAAGACATAAC-1",4.95076651368352
"GCGCCAAAGGACAGCT-1",1.686659743766
"GCGCCAAAGGCCCTTG-1",0
"GCGCCAAAGGGCTTCC-1",2.39155582030483
"GCGCCAAAGGTACTCT-1",6.90433596608972
"GCGCCAACATAACCTG-1",1.55185924223159
"GCGCCAACATTGGGCC-1",0
"GCGCCAAGTACTTGAC-1",0
"GCGCCAAGTCGGCACT-1",7.11541539024388
"GCGCCAAGTGAAAGAG-1",5.17082154911464
"GCGCCAAGTTGTACAC-1",4.9931306996088
"GCGCCAATCCGTTGCT-1",1.89794210856257
"GCGCGATAGAAGGTTT-1",6.72826379291127
"GCGCGATAGCAGGTCA-1",3.6355342166213
"GCGCGATAGTGAATTG-1",1.29100395438662
"GCGCGATAGTTTGCGT-1",1.7706907932308
"GCGCGATCAGCTCGAC-1",1.7900947443555
"GCGCGATGTAAGTAGT-1",7.18858697636031
"GCGCGATGTCACTTCC-1",0
"GCGCGATGTTACCAGT-1",2.68708489041059
"GCGCGATTCAGTTAGC-1",0
"GCGCGATTCGTTTAGG-1",5.45815354078555
"GCGGGTTAGAAACGAG-1",4.53146597516493
"GCGGGTTAGCTATGCT-1",6.80987839122225
"GCGGGTTAGTGTGAAT-1",6.39031474537329
"GCGGGTTCACGCGAAA-1",4.1778919504511
"GCGGGTTCAGGCAGTA-1",1.686659743766
"GCGGGTTCAGTAACGG-1",5.42178216217484
"GCGGGTTGTGAGTATA-1",3.0732682392807
"GCGGGTTGTGGCGAAT-1",1.5240247353639
"GCGGGTTTCCAAAGTC-1",8.17345640165305
"GCGGGTTTCCTTTCTC-1",1.90716114638537
"GCGGGTTTCTCCAACC-1",11.2204858176657
"GCGGGTTTCTTGAGGT-1",7.11541539024388
"GCGGGTTTCTTGTATC-1",5.88805150494887
"GCTCCTACAAACTGTC-1",4.8504303026845
"GCTCCTACACCAGGTC-1",0
"GCTCCTACACCGATAT-1",2.36886241630851
"GCTCCTACAGGGTACA-1",2.90399644486171
"GCTCCTACATTAGCCA-1",2.68646607528998
"GCTCCTAGTCAGGACA-1",1.5282513498452
"GCTCCTAGTCCGTCAG-1",2.52959946373823
"GCTCCTATCAGCCTAA-1",2.39155582030483
"GCTCCTATCCCTAATT-1",9.72702334706759
"GCTCTGTAGAGGTAGA-1",1.90716114638537
"GCTCTGTAGCTGAACG-1",1.84179578144619
"GCTCTGTAGGAGTCTG-1",2.15972018187776
"GCTCTGTAGTGCTGCC-1",4.68964076657716
"GCTCTGTAGTGGACGT-1",6.96846314462872
"GCTCTGTTCACCTCGT-1",6.08621353890094
"GCTGCAGAGCGTGAGT-1",4.9931306996088
"GCTGCAGAGTCAAGCG-1",6.14323601479672
"GCTGCAGAGTCCCACG-1",1.99844174348819
"GCTGCAGCAATTGCTG-1",5.24533464436378
"GCTGCAGCATGCCCGA-1",0
"GCTGCAGCATGCCTAA-1",2.20007408950475
"GCTGCAGGTAAACCTC-1",1.55185924223159
"GCTGCAGGTACGAAAT-1",10.3440272607819
"GCTGCAGGTAGCGCAA-1",4.54063179143258
"GCTGCAGGTCACCCAG-1",3.08899797597969
"GCTGCAGGTCATGCCG-1",3.63767801554698
"GCTGCGAAGGAATGGA-1",3.61319198064713
"GCTGCGAGTCTAACGT-1",3.74702939784521
"GCTGCGAGTGTTTGGT-1",2.85925810294485
"GCTGCGATCTCCTATA-1",1.79217625746399
"GCTGCGATCTTGTTTG-1",3.66597728332156
"GCTGCTTAGAATTGTG-1",6.14323601479672
"GCTGCTTAGGCAATTA-1",8.44074143136808
"GCTGCTTCATCACGTA-1",11.2963219195727
"GCTGCTTCATCCAACA-1",4.95076651368352
"GCTGCTTCATGCCTAA-1",5.62523653646304
"GCTGCTTCATGGTCAT-1",2.45624829490049
"GCTGCTTGTAACGACG-1",0
"GCTGCTTGTAATCGTC-1",5.79672643767442
"GCTGCTTGTAGGGACT-1",1.50629793178557
"GCTGCTTGTGAAAGAG-1",5.73883044514897
"GCTGCTTTCCGGGTGT-1",4.20167353982527
"GCTGGGTAGACCCACC-1",3.47444918348479
"GCTGGGTAGCCACGCT-1",1.55185924223159
"GCTGGGTAGTCGCCGT-1",5.8747593405452
"GCTGGGTAGTCTCAAC-1",1.8964969142605
"GCTGGGTCACGGCTAC-1",6.35824392662605
"GCTGGGTCAGCCAATT-1",2.15972018187776
"GCTGGGTGTACAGTTC-1",5.55117233725218
"GCTGGGTGTACCGTTA-1",3.87597844655432
"GCTGGGTGTCGAGTTT-1",7.07482112769382
"GCTGGGTGTCTCCACT-1",0
"GCTGGGTGTGCCTGTG-1",3.55998151984688
"GCTGGGTTCAGCTTAG-1",0
"GCTGGGTTCCTTAATC-1",1.5282513498452
"GCTTCCAAGAAACCTA-1",7.95513670018626
"GCTTCCACACCACCAG-1",0
"GCTTCCACAGGTCGTC-1",8.93386128030636
"GCTTCCACAGTGAGTG-1",5.99695364105198
"GCTTCCAGTATAGGTA-1",1.58802651512561
"GCTTCCAGTTCAGCGC-1",3.37443047289216
"GCTTCCATCGTCCAGG-1",1.90277992121162
"GCTTGAAAGATGGCGT-1",3.78575079885942
"GCTTGAAAGCCGTCGT-1",7.07482112769382
"GCTTGAACAAACCTAC-1",5.79672643767442
"GCTTGAACACGGTGTC-1",2.12520704909252
"GCTTGAACATCGGAAG-1",8.0890403972216
"GCTTGAAGTGCGGTAA-1",2.6665066901071
"GCTTGAAGTTCTCATT-1",5.12326205286471
"GCTTGAATCAGGATCT-1",3.9985575560304
"GGAAAGCAGGCAGGTT-1",1.90277992121162
"GGAAAGCCAAACGCGA-1",7.81716079719392
"GGAAAGCCAAGTACCT-1",4.61247893810959
"GGAAAGCGTAAGCACG-1",3.8436492165927
"GGAAAGCGTCCTCCAT-1",0
"GGAAAGCGTCGCGTGT-1",3.87597844655432
"GGAAAGCGTGCTTCTC-1",3.75400388439986
"GGAAAGCTCCAGAGGA-1",5.85755209543355
"GGAACTTAGAGTAAGG-1",0
"GGAACTTCAATGTAAG-1",1.84179578144619
"GGAACTTCACAGGAGT-1",0
"GGAACTTCACCTCGTT-1",6.71420489060857
"GGAACTTGTCTCTTTA-1",4.71092307024775
"GGAACTTTCATTGCCC-1",1.84179578144619
"GGAACTTTCATTTGGG-1",3.70694615053053
"GGAACTTTCCGTCATC-1",5.31181159381515
"GGAACTTTCCTCAACC-1",0
"GGAACTTTCGGATGTT-1",0
"GGAATAAAGGTACTCT-1",6.34624745502514
"GGAATAAAGTGTCCAT-1",1.66477614270494
"GGAATAACAGCGTCCA-1",5.62523653646304
"GGAATAAGTCTGGTCG-1",7.11541539024388
"GGAATAAGTGCAGGTA-1",1.95401084829981
"GGAATAATCAGCACAT-1",3.13031181871514
"GGAATAATCTTTACGT-1",4.33859955816781
"GGACAAGAGGTACTCT-1",0
"GGACAAGCAACGATGG-1",0
"GGACAAGCAGTCGTGC-1",4.95076651368352
"GGACAAGCATGGGACA-1",5.54168530284554
"GGACAAGGTATAAACG-1",6.73945710304291
"GGACAAGGTATGAAAC-1",3.3431972370061
"GGACAAGGTCGGCATC-1",2.52950901854903
"GGACAAGGTTATGCGT-1",3.52457825845656
"GGACAAGTCTAACGGT-1",6.29830044702491
"GGACAGAAGCTAGTCT-1",5.06098996627479
"GGACAGAAGTACTTGC-1",2.51894771481597
"GGACAGACAACACGCC-1",4.16354452132744
"GGACAGACACAAGCCC-1",5.31968617149112
"GGACAGAGTAAGTGGC-1",8.30081275267306
"GGACAGAGTCTTTCAT-1",0
"GGACAGAGTGAGGGAG-1",1.97242949798354
"GGACAGAGTTCCACAA-1",7.69104360402137
"GGACAGATCAACGCTA-1",2.78283218185116
"GGACATTAGAGGGCTT-1",4.04131271058565
"GGACATTAGCCACGTC-1",1.8964969142605
"GGACATTCAAACGCGA-1",1.63687268336829
"GGACATTCAATGACCT-1",5.57383059815256
"GGACATTCACCAGCAC-1",6.72826379291127
"GGACATTGTTCTGGTA-1",1.52206179063153
"GGACATTTCCTCTAGC-1",4.2763450268727
"GGACGTCAGTACTTGC-1",3.39289139300417
"GGACGTCAGTGGTAAT-1",0
"GGACGTCCACAGTCGC-1",3.31367240471796
"GGACGTCGTGAGGGAG-1",11.2204858176657
"GGACGTCGTGGCGAAT-1",1.09595271263235
"GGACGTCGTTACGGAG-1",5.74567650659466
"GGACGTCGTTTAAGCC-1",5.67813738499428
"GGACGTCTCCACTCCA-1",0
"GGACGTCTCGCAAACT-1",1.78884874323438
"GGACGTCTCTCCAGGG-1",7.4637237109602
"GGACGTCTCTCGAGTA-1",0
"GGACGTCTCTGGTGTA-1",3.83581221662017
"GGACGTCTCTTCGAGA-1",1.7900947443555
"GGAGCAAAGAACTCGG-1",0
"GGAGCAAAGACTGTAA-1",3.17976290458652
"GGAGCAAAGCCGCCTA-1",3.56793077237824
"GGAGCAAAGCTAAACA-1",4.95076651368352
"GGAGCAAAGTACGCCC-1",0
"GGAGCAACAAGCTGTT-1",3.55928930533807
"GGAGCAACAATGGACG-1",6.29830044702491
"GGAGCAACAATTCCTT-1",11.6113819318396
"GGAGCAACATGCTGGC-1",3.25559515334516
"GGAGCAAGTGAGTATA-1",6.35374839104804
"GGAGCAAGTTACTGAC-1",4.38580710245907
"GGAGCAATCAAGATCC-1",1.83956601435704
"GGAGCAATCCCATTTA-1",4.1778919504511
"GGATGTTCAAACTGTC-1",4.95076651368352
"GGATGTTTCATCACCC-1",0
"GGATGTTTCATGCATG-1",1.55185924223159
"GGATGTTTCCTACAGA-1",8.30081275267306
"GGATGTTTCCTCTAGC-1",4.9931306996088
"GGATTACAGATCCCAT-1",6.22521171867147
"GGATTACAGCTTCGCG-1",4.95076651368352
"GGATTACAGGCTAGCA-1",5.68094474546824
"GGATTACAGTATCTCG-1",0
"GGATTACCAAGCGTAG-1",4.71092307024775
"GGATTACCACATCCGG-1",1.84045709961207
"GGATTACCAGCGTAAG-1",2.15094959722266
"GGATTACGTAATAGCA-1",3.55998151984688
"GGATTACGTACACCGC-1",0
"GGATTACGTCTCTTTA-1",2.06582408852915
"GGATTACGTTGAGGTG-1",3.55998151984688
"GGATTACTCGCGCCAA-1",9.96560826200979
"GGATTACTCGGCGCAT-1",7.1328009411073
"GGATTACTCTGCCCTA-1",7.76786380312766
"GGCAATTCAATCGGTT-1",3.79926515877812
"GGCAATTCACGGCGTT-1",3.56793077237824
"GGCAATTCATCACCCT-1",1.7900947443555
"GGCAATTGTCGATTGT-1",10.3440272607819
"GGCAATTTCACTTACT-1",3.05225357729561
"GGCAATTTCAGCACAT-1",1.52206179063153
"GGCAATTTCTCCGGTT-1",5.65381273752266
"GGCCGATAGTGTCTCA-1",3.5298216860036
"GGCCGATCACGGACAA-1",1.68989523212849
"GGCCGATGTAGGACAC-1",5.53380860816135
"GGCCGATGTCACTGGC-1",2.68646607528998
"GGCCGATGTCCCTACT-1",3.83415189914309
"GGCCGATTCACCGTAA-1",2.02880853123836
"GGCCGATTCCGCGCAA-1",4.02346703880741
"GGCGACTAGAGCTGGT-1",3.77903899834681
"GGCGACTAGGACCACA-1",1.66269508910763
"GGCGACTAGGTTACCT-1",3.63767801554698
"GGCGACTCAAAGCGGT-1",1.77609937832505
"GGCGACTCAAGAGTCG-1",3.39289139300417
"GGCGACTCACCAGGTC-1",5.1876317417294
"GGCGACTCATTGTGCA-1",0
"GGCGACTTCAGAAATG-1",0
"GGCGACTTCAGAGACG-1",8.30081275267306
"GGCGACTTCCAGATCA-1",4.33859955816781
"GGCGACTTCTCTAGGA-1",4.07834979891539
"GGCGTGTAGCTAGCCC-1",5.18730189926096
"GGCGTGTAGGGTATCG-1",3.3431972370061
"GGCGTGTCAGGTCCAC-1",6.64394365873604
"GGCGTGTCAGTATAAG-1",0
"GGCGTGTCATCGTCGG-1",3.47444918348479
"GGCGTGTCATGGAATA-1",3.87597844655432
"GGCGTGTGTCTCCCTA-1",2.1065965598764
"GGCGTGTTCTTGAGGT-1",3.31367240471796
"GGCTCGAAGCCGTCGT-1",3.20389803553291
"GGCTCGAAGGTAAACT-1",4.53146597516493
"GGCTCGACAAGAAGAG-1",3.63767801554698
"GGCTCGACAATAGCAA-1",1.63687268336829
"GGCTCGACATGGTCAT-1",7.76786380312766
"GGCTCGAGTATATCCG-1",2.48147611469121
"GGCTCGAGTTACGTCA-1",0
"GGCTCGAGTTAGGGTG-1",0
"GGCTCGATCTGCAAGT-1",0
"GGCTGGTAGAAGAAGC-1",3.87597844655432
"GGCTGGTAGACCCACC-1",2.68646607528998
"GGCTGGTCAAGGACAC-1",4.54561814904444
"GGCTGGTCACTGCCAG-1",0
"GGCTGGTCATTTCAGG-1",0
"GGCTGGTGTATTCTCT-1",6.90729502331184
"GGCTGGTGTCGCATCG-1",4.53146597516493
"GGCTGGTGTCTAGTGT-1",4.38580710245907
"GGCTGGTGTTATGCGT-1",4.10573369673154
"GGGAATGAGCGTTGCC-1",3.74702939784521
"GGGAATGAGTAGGTGC-1",3.47444918348479
"GGGAATGGTAAGGGAA-1",6.90625174106048
"GGGAATGTCAACGAAA-1",0
"GGGAATGTCCAGTATG-1",1.85441043418972
"GGGAATGTCCGGGTGT-1",5.1876317417294
"GGGACCTAGATGTAAC-1",9.87570171972316
"GGGACCTAGTCTTGCA-1",2.53058667573078
"GGGACCTCAATCAGAA-1",5.26470473234811
"GGGACCTCACTGAAGG-1",2.85249544891478
"GGGAGATAGTACGACG-1",1.09595271263235
"GGGAGATCAAAGTGCG-1",0
"GGGAGATCAAATCCGT-1",7.76786380312766
"GGGAGATCAAGGACTG-1",7.11541539024388
"GGGAGATCACGCGAAA-1",8.86640525319129
"GGGAGATGTAGCGCAA-1",8.65758801553556
"GGGAGATTCAACGGGA-1",0
"GGGAGATTCATCACCC-1",0
"GGGATGAAGTGACATA-1",1.85896912177411
"GGGATGACATCATCCC-1",1.52206179063153
"GGGATGAGTCACCCAG-1",2.36886241630851
"GGGATGAGTGGAAAGA-1",2.05447253035063
"GGGATGAGTTACGACT-1",5.5587344349254
"GGGATGAGTTGGTAAA-1",6.01949796717968
"GGGATGATCAGTTAGC-1",2.51894771481597
"GGGATGATCTATCCTA-1",8.17757303975716
"GGGATGATCTTTAGGG-1",0
"GGGCACTAGTCTCGGC-1",0
"GGGCACTCATCTCCCA-1",4.9931306996088
"GGGCACTTCACCTCGT-1",3.66691393951051
"GGGCACTTCTGAGGGA-1",3.44693554777222
"GGGCATCCAATGTAAG-1",3.43297096030994
"GGGCATCCAGTCTTCC-1",3.30436825204165
"GGGCATCGTGGCGAAT-1",4.53146597516493
"GGGCATCTCACAGTAC-1",3.038318093429
"GGGCATCTCCCTTGTG-1",7.95513670018626
"GGGCATCTCCGGCACA-1",1.66269508910763
"GGGCATCTCTGTCCGT-1",1.55185924223159
"GGGCATCTCTTATCTG-1",1.85441043418972
"GGGTCTGAGAAGATTC-1",3.55915777161995
"GGGTCTGAGATCCCGC-1",2.85249544891478
"GGGTCTGAGCCAACAG-1",2.6381292553027
"GGGTCTGCACAGGCCT-1",10.3440272607819
"GGGTCTGCACCAGGTC-1",3.08899797597969
"GGGTCTGGTCTGGTCG-1",3.54487782838931
"GGGTCTGGTGATGATA-1",7.34078044140102
"GGGTCTGGTGTGACCC-1",5.22305985149321
"GGGTCTGTCAACTCTT-1",6.74697036666735
"GGGTCTGTCACTCCTG-1",5.38079953381887
"GGGTCTGTCCGTAGTA-1",0
"GGGTTGCAGACAGAGA-1",6.35824392662605
"GGGTTGCAGACCTTTG-1",8.86640525319129
"GGGTTGCAGATCGATA-1",4.04131271058565
"GGGTTGCAGGGTGTTG-1",3.61527187814654
"GGGTTGCAGGTGGGTT-1",0
"GGGTTGCCAATAACGA-1",4.2763450268727
"GGGTTGCCACGCCAGT-1",3.66691393951051
"GGGTTGCCATTAACCG-1",1.52206179063153
"GGGTTGCGTACATCCA-1",3.72423085873211
"GGGTTGCGTAGCGCAA-1",2.89368845639012
"GGGTTGCGTCCTCCAT-1",5.21980817920964
"GGGTTGCGTCGAGTTT-1",3.08899797597969
"GGGTTGCGTGAGTATA-1",7.76786380312766
"GGGTTGCGTGTGACCC-1",0
"GGGTTGCTCGTACCGG-1",5.79672643767442
"GGTATTGAGCACCGTC-1",4.2763450268727
"GGTATTGAGCTATGCT-1",1.97242949798354
"GGTATTGCACATCCAA-1",3.56793077237824
"GGTATTGCAGCTTCGG-1",0
"GGTATTGGTTCCGTCT-1",3.45334576091502
"GGTATTGTCAGAAATG-1",4.71092307024775
"GGTATTGTCCATTCTA-1",4.45509985928327
"GGTATTGTCGCCAGCA-1",1.7900947443555
"GGTGAAGAGACACGAC-1",3.73618048622414
"GGTGAAGAGATCCGAG-1",3.31367240471796
"GGTGAAGCAAGGTGTG-1",7.99651838129963
"GGTGAAGCACTCGACG-1",6.29830044702491
"GGTGAAGCAGTATGCT-1",3.19094643895283
"GGTGAAGGTATGAAAC-1",3.75099424198234
"GGTGAAGGTCAGAATA-1",2.51894771481597
"GGTGAAGGTGGTACAG-1",9.72702334706759
"GGTGAAGGTGTATGGG-1",2.52959946373823
"GGTGAAGGTGTCTGAT-1",7.76786380312766
"GGTGAAGGTGTGGTTT-1",0
"GGTGAAGGTGTGTGCC-1",5.26236744106244
"GGTGAAGTCACGATGT-1",1.64189179728152
"GGTGAAGTCACTCTTA-1",2.15229261345577
"GGTGAAGTCTGGCGTG-1",4.62602382204575
"GGTGCGTAGGTGATTA-1",0
"GGTGCGTAGTACGATA-1",3.5298216860036
"GGTGCGTCACTTAAGC-1",6.14323601479672
"GGTGCGTCAGCTGTAT-1",8.78661596830194
"GGTGCGTGTTCGTTGA-1",2.20007408950475
"GGTGCGTTCCGTACAA-1",5.54168530284554
"GGTGCGTTCTTGACGA-1",4.29043146787456
"GGTGTTAAGGGCTCTC-1",0
"GGTGTTAAGTAGCGGT-1",4.53146597516493
"GGTGTTAAGTGGGATC-1",2.39155582030483
"GGTGTTAAGTTATCGC-1",0
"GGTGTTACAAATCCGT-1",2.17772677866473
"GGTGTTACACGGATAG-1",2.20007408950475
"GGTGTTAGTAATCACC-1",3.78575079885942
"GGTGTTAGTAGCAAAT-1",11.2963219195727
"GGTGTTAGTGTATGGG-1",1.9634270728463
"GGTGTTAGTTGAACTC-1",0
"GGTGTTATCGGACAAG-1",2.85249544891478
"GGTGTTATCGGTGTTA-1",5.55117233725218
"GGTGTTATCTACTTAC-1",3.59084799387181
"GTAACGTAGGTGACCA-1",5.96895549742153
"GTAACGTCACAGGCCT-1",0
"GTAACGTGTACCATCA-1",0
"GTAACGTGTGAGTATA-1",3.39001855776188
"GTAACGTGTTACGGAG-1",5.61520617666837
"GTAACGTGTTAGGGTG-1",5.04980472153499
"GTAACGTTCGGTCCGA-1",0
"GTAACGTTCTCATTCA-1",2.51894771481597
"GTAACTGAGTGGGTTG-1",2.51894771481597
"GTAACTGCAATGGAAT-1",5.26470473234811
"GTAACTGCACAGGCCT-1",4.52044075001226
"GTAACTGCAGGATCGA-1",4.14089883750386
"GTAACTGCATCGGGTC-1",8.87884264800688
"GTAACTGGTATTACCG-1",1.78884874323438
"GTAACTGTCACGGTTA-1",4.2763450268727
"GTAACTGTCTACTATC-1",11.2963219195727
"GTACGTAAGGTGCTTT-1",2.34167981229028
"GTACGTACAGGAATGC-1",1.63687268336829
"GTACGTACATGGATGG-1",4.95076651368352
"GTACGTAGTGAGTGAC-1",7.1328009411073
"GTACGTAGTTGGTAAA-1",1.66477614270494
"GTACGTATCACCTCGT-1",3.33832560334712
"GTACGTATCATCGGAT-1",0
"GTACGTATCCACTGGG-1",5.68709894207023
"GTACTCCAGGCAGTCA-1",3.41699677376014
"GTACTCCCAATAGCGG-1",7.28585146477814
"GTACTCCCACAGGTTT-1",7.32234926105612
"GTACTCCTCACCTTAT-1",6.43893212081049
"GTACTCCTCATTGCCC-1",2.1065965598764
"GTACTCCTCCTTCAAT-1",1.63687268336829
"GTACTTTCAGTTAACC-1",5.85755209543355
"GTACTTTCATGTCGAT-1",3.17976290458652
"GTACTTTTCCGAAGAG-1",1.58802651512561
"GTAGGCCAGCAATCTC-1",0
"GTAGGCCCATTCGACA-1",0
"GTAGGCCGTAACGCGA-1",5.30231746960932
"GTAGGCCGTAAGGGCT-1",5.99695364105198
"GTAGGCCGTACGACCC-1",1.66269508910763
"GTAGGCCGTTCAGGCC-1",3.83415189914309
"GTAGGCCGTTGATTGC-1",2.93816953046838
"GTAGGCCTCAGCACAT-1",1.61393302355103
"GTAGTCAAGAATGTGT-1",1.77365793827803
"GTAGTCAAGATGCCTT-1",6.90729502331184
"GTAGTCAAGGACGAAA-1",1.80734463789444
"GTAGTCAAGTGAAGAG-1",1.63687268336829
"GTAGTCATCGTCACGG-1",5.79672643767442
"GTAGTCATCTGAAAGA-1",3.81916826322017
"GTATCTTAGAAACCAT-1",4.69487795928669
"GTATCTTAGGCTATCT-1",3.71151587742822
"GTATCTTAGTTGTCGT-1",1.66269508910763
"GTATCTTCACACCGCA-1",0
"GTATCTTCACGAAGCA-1",0
"GTATCTTGTTCGCTAA-1",3.72423085873211
"GTATCTTTCATGCTCC-1",1.8964969142605
"GTATCTTTCATGTAGC-1",4.1778919504511
"GTATTCTAGAAACCAT-1",1.77609937832505
"GTATTCTAGACAAAGG-1",5.95753006875513
"GTATTCTCAAAGTCAA-1",5.21980817920964
"GTATTCTCAACAACCT-1",1.5240247353639
"GTATTCTCAACTTGAC-1",1.66477614270494
"GTATTCTCAATAAGCA-1",1.4699371549693
"GTATTCTCAGGGTTAG-1",6.64394365873604
"GTATTCTCATACTACG-1",4.87530637956721
"GTATTCTCATGGTAGG-1",3.34412536868733
"GTATTCTGTAGTGAAT-1",7.72803719343951
"GTATTCTGTCTAGAGG-1",1.72766303247411
"GTCAAGTCATATGCTG-1",1.63687268336829
"GTCAAGTCATGGTTGT-1",1.90277992121162
"GTCAAGTGTCAGCTAT-1",0
"GTCAAGTGTTCCACTC-1",5.50708485881088
"GTCACAAAGCCGATTT-1",0
"GTCACAAAGTGGAGTC-1",5.54168530284554
"GTCACAACAGGTGGAT-1",1.66200281472335
"GTCACAAGTAAACGCG-1",4.8504303026845
"GTCACAATCAGGATCT-1",2.29087922016553
"GTCACAATCAGTTGAC-1",3.63531319262125
"GTCACAATCATGCATG-1",6.74697036666735
"GTCACGGAGATCACGG-1",2.1945553690584
"GTCACGGCATATACCG-1",5.38569187840972
"GTCACGGGTGAGTGAC-1",2.02880853123836
"GTCACGGGTGTGGCTC-1",3.30829494565913
"GTCACGGTCGAGAGCA-1",4.29043146787456
"GTCACGGTCTACCTGC-1",3.05693295840552
"GTCATTTAGAGACTAT-1",1.66269508910763
"GTCATTTCACGTGAGA-1",5.30434490730594
"GTCATTTGTAGAAGGA-1",0
"GTCATTTGTCAGATAA-1",3.55998151984688
"GTCATTTTCCAGAGGA-1",0
"GTCCTCAAGCCCAACC-1",11.01961493758
"GTCCTCAAGTAGATGT-1",0
"GTCCTCAAGTGGGCTA-1",3.45120370702587
"GTCCTCACAATCACAC-1",3.87597844655432
"GTCCTCAGTGGAAAGA-1",0
"GTCCTCATCAAAGACA-1",5.68410631620477
"GTCCTCATCGTCCGTT-1",7.07482112769382
"GTCGGGTCACTGAAGG-1",3.52457825845656
"GTCGGGTCACTTCGAA-1",6.72826379291127
"GTCGGGTCATGAAGTA-1",0
"GTCGGGTGTCTCACCT-1",3.08899797597969
"GTCGGGTGTGTGACGA-1",3.4652757373014
"GTCGGGTGTGTGTGCC-1",3.9985575560304
"GTCGGGTGTTACGTCA-1",1.62105844345712
"GTCGGGTTCTGCTGTC-1",3.531653606556
"GTCGGGTTCTGTGCAA-1",4.62602382204575
"GTCGTAAAGAGATGAG-1",2.68646607528998
"GTCGTAAAGCTGCAAG-1",0
"GTCGTAAAGGCGACAT-1",4.58117052090237
"GTCGTAACATCACGAT-1",3.30436825204165
"GTCGTAAGTATCACCA-1",1.76557996364628
"GTCGTAATCCAAGTAC-1",5.22305985149321
"GTCTCGTAGACCACGA-1",0
"GTCTCGTCAGGAACGT-1",2.36886241630851
"GTCTCGTGTGGTAACG-1",1.50684451275357
"GTCTCGTGTTTGGCGC-1",2.90599769180423
"GTCTCGTTCACCGGGT-1",5.31181159381515
"GTCTCGTTCAGTGCAT-1",3.74702939784521
"GTCTTCGAGACAAGCC-1",1.77609937832505
"GTCTTCGAGGAATGGA-1",1.6880958603865
"GTCTTCGAGTCAAGCG-1",3.50294219361809
"GTCTTCGCACATGGGA-1",3.5298216860036
"GTCTTCGCACCAGGTC-1",5.95753006875513
"GTCTTCGCAGACGCAA-1",0
"GTCTTCGCATAACCTG-1",5.50708485881088
"GTCTTCGCATCGATGT-1",6.73945710304291
"GTCTTCGGTCTAGTGT-1",3.87597844655432
"GTCTTCGTCTCGATGA-1",1.91255137370802
"GTGAAGGAGAGCTGGT-1",3.13031181871514
"GTGAAGGAGATCGGGT-1",3.41699677376014
"GTGAAGGAGCCAGTTT-1",2.90599769180423
"GTGAAGGAGTGTTGAA-1",0
"GTGAAGGCAAAGGCGT-1",7.82181261096456
"GTGAAGGCACTTAAGC-1",3.17976290458652
"GTGAAGGCAGATTGCT-1",7.1328009411073
"GTGAAGGGTATATGGA-1",0
"GTGAAGGGTCTCTCTG-1",2.85249544891478
"GTGAAGGTCTCCTATA-1",1.50684451275357
"GTGCAGCAGACATAAC-1",4.07834979891539
"GTGCAGCAGTGGTCCC-1",8.87884264800688
"GTGCAGCCACATCTTT-1",6.84980914318613
"GTGCAGCGTGAGTATA-1",2.12261371354504
"GTGCAGCTCTTAGAGC-1",5.26236744106244
"GTGCATAAGGCATGGT-1",2.90599769180423
"GTGCATAGTTTGTTGG-1",4.36259489967003
"GTGCATATCAGAGCTT-1",0
"GTGCATATCATCATTC-1",1.54981001079568
"GTGCATATCTGCGTAA-1",5.38079953381887
"GTGCGGTAGCAATCTC-1",3.56793077237824
"GTGCGGTAGGACAGAA-1",1.80734463789444
"GTGCGGTCAAAGGTGC-1",1.09595271263235
"GTGCGGTGTTCAGACT-1",3.70694615053053
"GTGCGGTGTTCTGTTT-1",1.85441043418972
"GTGCGGTTCATCTGCC-1",0
"GTGCGGTTCCAGGGCT-1",3.71151587742822
"GTGCGGTTCGGATGGA-1",6.29830044702491
"GTGCGGTTCTCGTTTA-1",3.56793077237824
"GTGCGGTTCTGCTGTC-1",5.65381273752266
"GTGCTTCAGCCAGTTT-1",2.15094959722266
"GTGCTTCAGGATTCGG-1",4.47602850762191
"GTGCTTCAGTACACCT-1",2.6381292553027
"GTGCTTCCACTTAACG-1",10.5958554347589
"GTGCTTCCAGCTATTG-1",3.93904402579597
"GTGCTTCGTAGAGTGC-1",8.17757303975716
"GTGCTTCTCACAATGC-1",5.06098996627479
"GTGCTTCTCACTTCAT-1",2.52959946373823
"GTGGGTCAGACCGGAT-1",4.74402651427521
"GTGGGTCAGACTGTAA-1",2.12261371354504
"GTGGGTCAGCCGTCGT-1",6.80987839122225
"GTGGGTCCACCAACCG-1",8.65758801553556
"GTGGGTCCACCACCAG-1",1.63687268336829
"GTGTGCGAGACCGGAT-1",0
"GTGTGCGAGACTTGAA-1",6.02623594204453
"GTGTGCGCAGGTCGTC-1",2.6381292553027
"GTGTGCGGTGAGCGAT-1",0
"GTGTGCGTCAGTCAGT-1",3.4652757373014
"GTGTGCGTCCCTTGTG-1",3.43884216718795
"GTGTGCGTCTAACTTC-1",4.29043146787456
"GTGTTAGAGGACAGAA-1",4.07834979891539
"GTGTTAGAGGCATGGT-1",6.73945710304291
"GTGTTAGAGTGGAGAA-1",0
"GTGTTAGAGTTTGCGT-1",0
"GTGTTAGCAATGGAAT-1",5.85571010417463
"GTGTTAGCACCACCAG-1",4.53146597516493
"GTGTTAGGTGCCTGGT-1",1.66269508910763
"GTGTTAGGTGGAAAGA-1",3.30829494565913
"GTGTTAGGTTCCATGA-1",3.59084799387181
"GTGTTAGGTTGGGACA-1",1.97456340207795
"GTTAAGCAGAGCTGCA-1",3.45120370702587
"GTTAAGCAGATAGCAT-1",5.36747369766496
"GTTAAGCAGCTAACAA-1",1.77365793827803
"GTTAAGCAGGCTACGA-1",0
"GTTAAGCAGTGTACCT-1",3.78136266950042
"GTTAAGCAGTTTGCGT-1",1.52206179063153
"GTTAAGCCATTCACTT-1",3.3304072656543
"GTTAAGCGTACTCGCG-1",1.55185924223159
"GTTAAGCGTCTAGGTT-1",7.11892225172854
"GTTAAGCGTGGCAAAC-1",9.72702334706759
"GTTAAGCGTTGCTCCT-1",2.06582408852915
"GTTAAGCTCCTTTCGG-1",3.56793077237824
"GTTACAGAGAGCTATA-1",3.85137049913074
"GTTACAGAGTACGATA-1",5.75592616738844
"GTTACAGCAGACGCCT-1",2.51894771481597
"GTTACAGCATCGGTTA-1",1.40906951443495
"GTTACAGGTATGGTTC-1",7.81716079719392
"GTTACAGGTCGACTGC-1",2.59183417558456
"GTTACAGGTCTAGGTT-1",6.37562605478344
"GTTCATTAGCGATGAC-1",4.1778919504511
"GTTCATTCATATACGC-1",1.58802651512561
"GTTCATTCATTGGCGC-1",6.14839005420172
"GTTCATTGTGCACGAA-1",5.2420674772499
"GTTCATTGTGTTAAGA-1",2.45624829490049
"GTTCATTGTTCAGTAC-1",7.18858697636031
"GTTCGGGAGACGACGT-1",2.89368845639012
"GTTCGGGAGCTAAGAT-1",1.99623969310687
"GTTCGGGAGTGTCTCA-1",1.9607996208036
"GTTCGGGGTAGGGTAC-1",6.01949796717968
"GTTCGGGGTGCAGGTA-1",1.66269508910763
"GTTCGGGTCCACGCAG-1",8.44074143136808
"GTTCGGGTCTACTTAC-1",0
"GTTCTCGAGACCACGA-1",3.14098897022177
"GTTCTCGAGCGATGAC-1",1.97242949798354
"GTTCTCGAGGCCATAG-1",2.53058667573078
"GTTCTCGCATCGGACC-1",12.1337064296966
"GTTCTCGGTAAGGGAA-1",3.56825565513815
"GTTCTCGGTAGCGTAG-1",1.5282513498452
"GTTCTCGGTCCGTGAC-1",7.34078044140102
"GTTCTCGGTGTTAAGA-1",2.17772677866473
"GTTCTCGTCAACGCTA-1",7.28585146477814
"GTTCTCGTCCTGTACC-1",3.05662369179892
"GTTTCTACAAACCTAC-1",2.20007408950475
"GTTTCTACAAGAAAGG-1",2.90599769180423
"GTTTCTAGTGTTGGGA-1",3.90019231327473
"GTTTCTATCCCAACGG-1",8.42091193902524
"GTTTCTATCCGTAGTA-1",3.63767801554698
"GTTTCTATCGGCATCG-1",4.14089883750386
"TAAACCGGTACTTAGC-1",6.26394168330706
"TAAACCGTCACTCTTA-1",5.82002152254403
"TAAACCGTCAGGCGAA-1",3.41699677376014
"TAAACCGTCCGTTGTC-1",4.33859955816781
"TAAACCGTCTTCCTTC-1",1.63687268336829
"TAAGAGACAAGTTGTC-1",2.59183417558456
"TAAGAGAGTATATCCG-1",1.09595271263235
"TAAGAGATCAATCACG-1",0
"TAAGAGATCTAACGGT-1",3.08899797597969
"TAAGAGATCTTTCCTC-1",2.53058667573078
"TAAGCGTAGTGGACGT-1",6.89742625540388
"TAAGCGTAGTGTCTCA-1",6.72826379291127
"TAAGCGTCAGCTTCGG-1",6.34624745502514
"TAAGCGTCAGGTGGAT-1",1.52206179063153
"TAAGCGTGTCCTGCTT-1",4.95076651368352
"TAAGCGTGTGCCTGGT-1",4.29043146787456
"TAAGCGTGTTGTTTGG-1",0
"TAAGCGTTCCTCATTA-1",2.05447253035063
"TAAGCGTTCGGCGCAT-1",1.84179578144619
"TAAGCGTTCTCGCATC-1",4.10573369673154
"TAAGTGCAGGCTAGGT-1",0
"TAAGTGCAGTAGCGGT-1",1.9607996208036
"TAAGTGCCAACGCACC-1",8.66925438983548
"TAAGTGCCATACAGCT-1",0
"TAAGTGCGTAAACACA-1",2.1065965598764
"TAAGTGCGTCTCACCT-1",0
"TAAGTGCGTTCAGACT-1",3.11509583652187
"TAAGTGCTCACCCTCA-1",3.55928930533807
"TAAGTGCTCACTGGGC-1",0
"TAAGTGCTCTGGCGTG-1",5.50708485881088
"TACACGACACCCATTC-1",0
"TACACGAGTGATAAAC-1",2.45624829490049
"TACACGATCTGTCTCG-1",1.90277992121162
"TACAGTGAGATGCGAC-1",1.7706907932308
"TACAGTGAGCGTTGCC-1",4.95076651368352
"TACAGTGAGTGTACGG-1",1.95401084829981
"TACAGTGCAGGAATCG-1",3.61275527201591
"TACAGTGCAGGTGCCT-1",4.20167353982527
"TACAGTGGTACTCAAC-1",11.2963219195727
"TACAGTGGTTGGACCC-1",3.71151587742822
"TACCTATAGAGCTGGT-1",8.42091193902524
"TACCTATAGAGTTGGC-1",1.84179578144619
"TACCTATAGGCTCATT-1",5.22305985149321
"TACCTATAGTTAGCGG-1",5.55117233725218
"TACCTATCAAGCTGGA-1",3.59084799387181
"TACCTATGTAAATGAC-1",1.7706907932308
"TACCTATGTAGAGTGC-1",4.56207906239776
"TACCTATGTCACCTAA-1",1.50629793178557
"TACCTATGTGTTGAGG-1",4.43040130671452
"TACCTATGTTAAAGAC-1",6.79111808363433
"TACCTATTCTATGTGG-1",3.43633750279593
"TACCTATTCTTCCTTC-1",1.90277992121162
"TACCTTAAGAGGTTGC-1",11.2204858176657
"TACCTTAAGTCAAGCG-1",2.17772677866473
"TACCTTAAGTGGTCCC-1",8.1383088782272
"TACCTTACAACTGGCC-1",1.42564878117569
"TACCTTACAAGGGTCA-1",1.4699371549693
"TACCTTACACTCAGGC-1",6.29830044702491
"TACCTTACATCTACGA-1",5.45815354078555
"TACCTTAGTAGCGTCC-1",3.47444918348479
"TACCTTAGTCTCCACT-1",3.30436825204165
"TACGGATAGATGGCGT-1",1.52206179063153
"TACGGATAGGTACTCT-1",0
"TACGGATCAGGGATTG-1",5.5587344349254
"TACGGATCATCACCCT-1",5.62949296079397
"TACGGATGTCTAGCCG-1",3.3431972370061
"TACGGATTCGGTGTCG-1",2.85249544891478
"TACGGATTCTACTATC-1",11.0585577675074
"TACGGGCAGGATGCGT-1",3.71151587742822
"TACGGGCAGGGAACGG-1",4.8504303026845
"TACGGGCAGTATTGGA-1",4.10573369673154
"TACGGGCAGTCAAGCG-1",0
"TACGGGCCAAGAAGAG-1",6.35824392662605
"TACGGGCCACCAGATT-1",1.5282513498452
"TACGGGCCATCAGTAC-1",6.70593436313372
"TACGGGCGTAAGGGCT-1",3.24670583384076
"TACGGGCGTCTGATTG-1",4.19605739344798
"TACGGGCGTGATGTGG-1",6.29830044702491
"TACGGGCTCACCTTAT-1",6.74697036666735
"TACGGGCTCAGCTCTC-1",3.50294219361809
"TACGGGCTCCACGAAT-1",5.8747593405452
"TACGGGCTCCTATTCA-1",5.35485904492143
"TACGGGCTCGGTGTTA-1",5.43130509348388
"TACGGTAAGATATGGT-1",4.69333323780629
"TACGGTAAGCCGATTT-1",8.44074143136808
"TACGGTAAGTCATGCT-1",3.52457825845656
"TACGGTAAGTGCCATT-1",3.3431972370061
"TACGGTACACAGGCCT-1",1.95401084829981
"TACGGTACATTTCAGG-1",2.34167981229028
"TACGGTAGTATATCCG-1",3.08899797597969
"TACGGTAGTCACTTCC-1",4.53446925759283
"TACGGTAGTGCAGGTA-1",0
"TACGGTAGTGGGTATG-1",1.50684451275357
"TACGGTATCGCAGGCT-1",1.66269508910763
"TACGGTATCGGACAAG-1",3.93458469913371
"TACGGTATCGTTTATC-1",1.67281284037323
"TACTCATAGTCACGCC-1",5.24533464436378
"TACTCATCAATCTACG-1",6.82184275936872
"TACTCATCACGGTAGA-1",4.8504303026845
"TACTCATCACTTCTGC-1",5.04980472153499
"TACTCATCATCCGTGG-1",3.59084799387181
"TACTCATCATGTCGAT-1",1.90277992121162
"TACTCATGTACAGCAG-1",2.15094959722266
"TACTCATGTCTTCAAG-1",1.97242949798354
"TACTCATTCCTTTCTC-1",3.50294219361809
"TACTCGCAGGCGACAT-1",1.22711740621255
"TACTCGCGTCAGAAGC-1",3.45120370702587
"TACTCGCGTCTGATTG-1",3.77720333624022
"TACTCGCGTGTAACGG-1",3.95626234875044
"TACTCGCGTTGAGTTC-1",3.05610794258125
"TACTCGCTCAACGGGA-1",3.17976290458652
"TACTCGCTCCGAATGT-1",8.55959955566064
"TACTTACAGACTAGGC-1",3.87597844655432
"TACTTACAGCTGAACG-1",4.87530637956721
"TACTTACAGTACACCT-1",5.31181159381515
"TACTTACAGTACGCCC-1",5.65381273752266
"TACTTACAGTGATCGG-1",4.98310468533225
"TACTTACCAAGCCGTC-1",4.69333323780629
"TACTTACCACAGGTTT-1",11.2963219195727
"TACTTACTCGCGTTTC-1",4.35111507926412
"TACTTGTAGCGATATA-1",5.79672643767442
"TACTTGTAGTAATCCC-1",8.48128673525656
"TACTTGTCAAACAACA-1",9.10706356387196
"TACTTGTCATGCAACT-1",0
"TACTTGTGTAGCACGA-1",2.20007408950475
"TACTTGTGTATAAACG-1",1.50684451275357
"TACTTGTGTTCCACAA-1",1.50629793178557
"TACTTGTTCTGCAGTA-1",5.20119056129781
"TAGACCAAGAGACGAA-1",1.63687268336829
"TAGACCAAGCCTCGTG-1",7.99651838129963
"TAGACCAAGTCGATAA-1",2.52959946373823
"TAGACCACAACACCCG-1",3.54487782838931
"TAGACCAGTAGATTAG-1",1.82371106903466
"TAGACCAGTTCATGGT-1",0
"TAGACCATCACTTCAT-1",3.3431972370061
"TAGACCATCGTCACGG-1",5.65381273752266
"TAGACCATCTCCAGGG-1",3.50556314289915
"TAGAGCTAGAATTCCC-1",3.71151587742822
"TAGAGCTAGTATTGGA-1",6.0874943284225
"TAGAGCTCACTGAAGG-1",1.5240247353639
"TAGAGCTGTACTTGAC-1",4.81546164004264
"TAGAGCTGTCTAAAGA-1",2.05447253035063
"TAGCCGGAGACTGGGT-1",3.90886893021933
"TAGCCGGAGTCCCACG-1",3.47444918348479
"TAGCCGGAGTGACATA-1",3.14312023408865
"TAGCCGGCAGCAGTTT-1",4.98310468533225
"TAGCCGGGTACAGTGG-1",6.84980914318613
"TAGCCGGGTACCATCA-1",2.20007408950475
"TAGCCGGGTCGCGAAA-1",1.7706907932308
"TAGCCGGTCACGACTA-1",1.97456340207795
"TAGGCATAGAACTGTA-1",3.55998151984688
"TAGGCATAGCTAGGCA-1",6.29830044702491
"TAGGCATAGTCGTACT-1",2.59183417558456
"TAGGCATAGTTTAGGA-1",5.18730189926096
"TAGGCATCAAGCCTAT-1",2.02880853123836
"TAGGCATCAGACGCAA-1",4.11014567883445
"TAGGCATGTACGAAAT-1",5.25145783306455
"TAGGCATGTCCAGTTA-1",4.10573369673154
"TAGGCATGTTCCACTC-1",3.93458469913371
"TAGGCATTCCCTAACC-1",0
"TAGGCATTCGCTAGCG-1",7.18584302256109
"TAGGCATTCGTAGATC-1",2.51894771481597
"TAGGCATTCTTCATGT-1",0
"TAGTGGTAGATCACGG-1",1.77365793827803
"TAGTGGTAGCTGTTCA-1",0
"TAGTGGTCAGTATAAG-1",6.29830044702491
"TAGTGGTGTAGCGTAG-1",0
"TAGTGGTTCAGCATGT-1",2.15972018187776
"TAGTGGTTCGGCGCAT-1",4.43040130671452
"TAGTGGTTCTCAAGTG-1",0
"TAGTGGTTCTGGGCCA-1",0.874641236301441
"TAGTGGTTCTTTAGTC-1",3.3431972370061
"TAGTTGGAGATAGGAG-1",3.3304072656543
"TAGTTGGCAGACGCAA-1",4.20167353982527
"TAGTTGGCATGCGCAC-1",4.61247893810959
"TAGTTGGGTATGGTTC-1",5.96895549742153
"TAGTTGGTCCGAATGT-1",1.5282513498452
"TAGTTGGTCTACTCAT-1",1.50684451275357
"TAGTTGGTCTCTAAGG-1",2.51894771481597
"TAGTTGGTCTGATACG-1",2.15094959722266
"TATCAGGAGAGTAAGG-1",3.3431972370061
"TATCAGGAGATCCGAG-1",3.71151587742822
"TATCAGGAGCAGATCG-1",3.61319198064713
"TATCAGGAGGTGCTTT-1",0
"TATCAGGCAACTTGAC-1",3.08899797597969
"TATCAGGCACGTTGGC-1",6.12371551958468
"TATCAGGGTCCGTTAA-1",7.34078044140102
"TATCAGGGTCTGCAAT-1",1.58802651512561
"TATCAGGGTTAAAGAC-1",2.6665066901071
"TATCAGGTCAAGATCC-1",6.64394365873604
"TATCAGGTCCACTCCA-1",3.038318093429
"TATCAGGTCGTAGGTT-1",3.43633750279593
"TATCTCAAGAGTTGGC-1",4.31066977910043
"TATCTCAAGCCACCTG-1",5.59832546037787
"TATCTCAAGCGTAATA-1",4.10573369673154
"TATCTCAAGGCTAGCA-1",0
"TATCTCAAGTGGGCTA-1",1.66269508910763
"TATCTCACATGTCCTC-1",1.63255280174334
"TATCTCAGTAACGACG-1",3.79926515877812
"TATCTCAGTACCTACA-1",3.39289139300417
"TATCTCAGTACGACCC-1",2.4535560777733
"TATCTCAGTCAATGTC-1",3.14312023408865
"TATCTCATCAAGCCTA-1",1.45490401742683
"TATGCCCAGAAACCGC-1",4.69333323780629
"TATGCCCAGGTAGCTG-1",3.4652757373014
"TATGCCCCAATGGAAT-1",0
"TATGCCCCACTTAACG-1",1.50684451275357
"TATGCCCCATGTTCCC-1",8.30081275267306
"TATGCCCGTAGCCTCG-1",5.21980817920964
"TATGCCCGTATAGGGC-1",0
"TATGCCCGTATGAAAC-1",4.6030922087695
"TATGCCCGTCGCCATG-1",6.74697036666735
"TATGCCCGTGCCTTGG-1",1.84179578144619
"TATGCCCGTTAAGATG-1",5.95753006875513
"TATGCCCGTTGGTGGA-1",3.55998151984688
"TATGCCCGTTTAGGAA-1",3.8436492165927
"TATTACCAGAGAGCTC-1",3.90886893021933
"TATTACCAGCAAATCA-1",5.88805150494887
"TATTACCAGCCCGAAA-1",3.31367240471796
"TATTACCAGTATCTCG-1",2.45624829490049
"TATTACCCAAAGTGCG-1",13.1389624051773
"TATTACCCAGACAAGC-1",5.57383059815256
"TATTACCCAGTCAGCC-1",1.78059725485862
"TATTACCCATAAAGGT-1",4.95076651368352
"TATTACCCATCTACGA-1",10.3440272607819
"TATTACCGTCCAGTAT-1",5.79672643767442
"TCAACGAAGCCGATTT-1",3.55928930533807
"TCAACGAAGCGATGAC-1",1.66269508910763
"TCAACGAAGGCATGTG-1",4.29043146787456
"TCAACGAAGTAGTGCG-1",3.19094643895283
"TCAACGACACCAGGCT-1",2.05447253035063
"TCAACGACATGCCTTC-1",1.7706907932308
"TCAACGAGTTACCAGT-1",5.55554841953319
"TCAACGAGTTCCATGA-1",3.31367240471796
"TCAACGAGTTCTGGTA-1",3.31367240471796
"TCAACGATCAGTCCCT-1",3.95626234875044
"TCAACGATCTGTGCAA-1",1.77609937832505
"TCAATCTAGATCCCGC-1",6.43893212081049
"TCAATCTCACAAGCCC-1",0
"TCAATCTCACAGCCCA-1",5.31968617149112
"TCAATCTCATGACGGA-1",8.48128673525656
"TCAATCTCATTTGCTT-1",5.50708485881088
"TCAATCTGTAGTGAAT-1",5.55554841953319
"TCAATCTGTTAGATGA-1",0
"TCAATCTTCAGATAAG-1",3.50294219361809
"TCAATCTTCATGTCCC-1",1.50684451275357
"TCACAAGAGACTGGGT-1",5.88805150494887
"TCACAAGAGAGAGCTC-1",9.75224190177823
"TCACAAGAGGCCCTCA-1",5.75592616738844
"TCACAAGAGGTGGGTT-1",1.66200281472335
"TCACAAGAGTAGATGT-1",1.76557996364628
"TCACAAGCAGTATGCT-1",7.28585146477814
"TCACAAGCATAACCTG-1",2.1065965598764
"TCACAAGCATGACATC-1",4.69333323780629
"TCACAAGGTCAGATAA-1",8.30081275267306
"TCACAAGGTGTGGTTT-1",4.90360431410099
"TCACAAGTCATCATTC-1",4.62602382204575
"TCACAAGTCATGCATG-1",5.62949296079397
"TCACGAAAGCTCCTTC-1",2.12520704909252
"TCACGAAAGGTGCTTT-1",3.50294219361809
"TCACGAAAGTCTCGGC-1",4.36259489967003
"TCACGAACACAAGACG-1",2.67110542125041
"TCACGAACACTGTCGG-1",5.26236744106244
"TCACGAAGTGGTCCGT-1",6.0874943284225
"TCACGAAGTTGGTGGA-1",3.54487782838931
"TCACGAATCATGCAAC-1",1.99623969310687
"TCACGAATCCCGACTT-1",5.68410631620477
"TCACGAATCCTCGCAT-1",4.1778919504511
"TCACGAATCGTCACGG-1",0
"TCAGATGAGGTGCACA-1",5.85571010417463
"TCAGATGGTCTTGTCC-1",1.29100395438662
"TCAGATGGTGCCTGCA-1",3.52457825845656
"TCAGATGGTGCTGTAT-1",3.00321462531973
"TCAGATGTCAGTTTGG-1",3.56793077237824
"TCAGATGTCGCATGAT-1",0
"TCAGATGTCTCCTATA-1",1.22711740621255
"TCAGCAAAGGAGTCTG-1",2.76846580412193
"TCAGCAAAGGCTCATT-1",3.83415189914309
"TCAGCAAAGTACGACG-1",0
"TCAGCAAAGTGGCACA-1",3.44693554777222
"TCAGCAACACGCATCG-1",4.04131271058565
"TCAGCAAGTACCGGCT-1",1.39066019417414
"TCAGCAATCAGCGATT-1",10.0036692870605
"TCAGCAATCGGAAACG-1",6.32481345777745
"TCAGCAATCTTCAACT-1",5.8747593405452
"TCAGCTCAGGTGTTAA-1",5.50708485881088
"TCAGCTCAGTATGACA-1",3.95792485861803
"TCAGCTCCAATCTGCA-1",1.77365793827803
"TCAGCTCCACGGTTTA-1",1.84179578144619
"TCAGCTCGTAATAGCA-1",5.55117233725218
"TCAGCTCGTCCGTCAG-1",4.87530637956721
"TCAGCTCGTTCACGGC-1",2.82814670041723
"TCAGCTCTCACGATGT-1",5.54168530284554
"TCAGCTCTCATGCATG-1",8.44074143136808
"TCAGCTCTCCTAAGTG-1",1.5293831535913
"TCAGCTCTCTCGTATT-1",0
"TCAGGATAGACAGAGA-1",5.50708485881088
"TCAGGATAGATATGGT-1",5.04980472153499
"TCAGGATCAAACGTGG-1",7.34078044140102
"TCAGGATCAAGTTCTG-1",1.97242949798354
"TCAGGATCACGGTGTC-1",2.90599769180423
"TCAGGATCACTGTGTA-1",2.6665066901071
"TCAGGATCAGCATACT-1",1.66477614270494
"TCAGGATCATCTGGTA-1",9.54533262623234
"TCAGGATGTAAGCACG-1",6.22521171867147
"TCAGGATGTGGCCCTA-1",5.45815354078555
"TCAGGATTCCGATATG-1",3.52457825845656
"TCAGGATTCTCGATGA-1",1.50629793178557
"TCAGGTAAGATGGCGT-1",0
"TCAGGTAAGTGTTTGC-1",3.8436492165927
"TCAGGTACACAAGTAA-1",2.90399644486171
"TCAGGTACACAGAGGT-1",2.6665066901071
"TCAGGTACAGCTGCTG-1",2.51894771481597
"TCAGGTAGTAAACGCG-1",3.56793077237824
"TCATTACAGAAACCAT-1",3.3431972370061
"TCATTACAGGAGTTGC-1",8.87884264800688
"TCATTACAGTTGCAGG-1",1.55185924223159
"TCATTACCACATCCAA-1",3.54487782838931
"TCATTACCAGTCAGCC-1",5.79347849237682
"TCATTACGTACGCACC-1",5.62760609285568
"TCATTACGTCTAGAGG-1",4.04131271058565
"TCATTACGTGAAGGCT-1",6.02623594204453
"TCATTACGTTCTGTTT-1",1.77365793827803
"TCATTACTCATCGATG-1",1.8964969142605
"TCATTTGAGCCAGTTT-1",5.45815354078555
"TCATTTGCACGTCTCT-1",7.72860280909707
"TCATTTGCAGTTAACC-1",5.95753006875513
"TCATTTGTCCAGAGGA-1",5.88243616058153
"TCATTTGTCCCTTGCA-1",2.51894771481597
"TCATTTGTCCGTCAAA-1",3.61319198064713
"TCATTTGTCGCTAGCG-1",5.26470473234811
"TCATTTGTCGTACGGC-1",4.29439573514246
"TCATTTGTCTCTGCTG-1",5.95753006875513
"TCCACACCAAAGAATC-1",1.8964969142605
"TCCACACCACGCCAGT-1",7.76786380312766
"TCCACACGTACAGCAG-1",2.53058667573078
"TCCACACGTAGCCTAT-1",5.96895549742153
"TCCACACGTCATCGGC-1",3.56793077237824
"TCCACACGTGACCAAG-1",5.45815354078555
"TCCACACGTGCGAAAC-1",5.95753006875513
"TCCACACTCAACACCA-1",4.06603093525995
"TCCACACTCCAGTATG-1",3.8436492165927
"TCCACACTCCCATTTA-1",6.72826379291127
"TCCACACTCGAACTGT-1",5.31181159381515
"TCCCGATAGAAGAAGC-1",5.61520617666837
"TCCCGATAGCACAGGT-1",0
"TCCCGATAGCCGGTAA-1",3.45120370702587
"TCCCGATCAAGGTTCT-1",6.26394168330706
"TCCCGATCAGCCAATT-1",7.82181261096456
"TCCCGATCATCCAACA-1",4.69487795928669
"TCCCGATGTAAGGATT-1",5.83501336135543
"TCCCGATGTCAATACC-1",1.8964969142605
"TCCCGATTCAGAAATG-1",4.95076651368352
"TCCCGATTCAGTCCCT-1",0
"TCCCGATTCATCTGTT-1",3.74702939784521
"TCCCGATTCCCTAATT-1",1.58802651512561
"TCCCGATTCTGGAGCC-1",2.6381292553027
"TCGAGGCAGCGATGAC-1",3.61319198064713
"TCGAGGCAGTGTTTGC-1",6.90729502331184
"TCGAGGCCAAAGAATC-1",3.79658382971711
"TCGAGGCCAAGTTCTG-1",1.8964969142605
"TCGAGGCCAGTAACGG-1",5.45815354078555
"TCGAGGCGTATATCCG-1",3.93538397876089
"TCGAGGCTCGCAAGCC-1",1.63255280174334
"TCGAGGCTCTTGAGAC-1",5.22305985149321
"TCGAGGCTCTTTCCTC-1",8.65758801553556
"TCGCGAGAGACAAAGG-1",3.72423085873211
"TCGCGAGAGTGAATTG-1",4.10573369673154
"TCGCGAGCAAGCGTAG-1",3.96129037564826
"TCGCGAGCACCGAATT-1",4.90498535612443
"TCGCGAGCAGTAAGAT-1",4.95076651368352
"TCGCGAGTCCACGAAT-1",1.58802651512561
"TCGCGAGTCTAGCACA-1",5.79672643767442
"TCGCGAGTCTCTAGGA-1",1.85441043418972
"TCGCGAGTCTTCATGT-1",2.82814670041723
"TCGCGTTAGTGGGCTA-1",8.65758801553556
"TCGCGTTCACAGGCCT-1",4.2763450268727
"TCGCGTTCATCACAAC-1",3.50294219361809
"TCGCGTTCATCTCGCT-1",2.45624829490049
"TCGCGTTGTTCACCTC-1",6.90729502331184
"TCGCGTTTCAAGATCC-1",5.24533464436378
"TCGCGTTTCAGGTAAA-1",8.48128673525656
"TCGCGTTTCATTCACT-1",1.81763797610274
"TCGCGTTTCCTGTACC-1",3.39001855776188
"TCGCGTTTCGCCCTTA-1",5.10277046171478
"TCGGGACCACACATGT-1",3.90626648365546
"TCGGGACTCCTTGCCA-1",5.31181159381515
"TCGGGACTCTGCGGCA-1",8.44074143136808
"TCGGGACTCTTGTCAT-1",5.26434856602508
"TCGGTAAAGACAGGCT-1",7.18858697636031
"TCGGTAAAGCTCAACT-1",0
"TCGGTAACAAGCTGAG-1",5.30231746960932
"TCGGTAACAGGAATGC-1",3.61275527201591
"TCGGTAAGTATATGGA-1",5.61520617666837
"TCGGTAAGTCTAGTCA-1",9.72702334706759
"TCGGTAATCCCGGATG-1",5.54168530284554
"TCGTACCAGCAGGCTA-1",5.09077038686184
"TCGTACCAGTTTCCTT-1",5.5587344349254
"TCGTACCGTTTGCATG-1",4.38580710245907
"TCGTACCTCGGGAGTA-1",5.21980817920964
"TCGTAGAAGCTAACTC-1",1.40906951443495
"TCGTAGAAGGCGACAT-1",4.69333323780629
"TCGTAGAAGGGAACGG-1",1.90277992121162
"TCGTAGAAGTCCATAC-1",1.63255280174334
"TCGTAGACAATCCAAC-1",6.35824392662605
"TCGTAGACACTCAGGC-1",5.06098996627479
"TCGTAGAGTATGAATG-1",3.71151587742822
"TCGTAGAGTGAGCGAT-1",9.87570171972316
"TCGTAGAGTGTGTGCC-1",2.65747705199148
"TCGTAGAGTTCAACCA-1",3.43884216718795
"TCGTAGAGTTCCATGA-1",2.85249544891478
"TCGTAGATCCAAGCCG-1",7.1328009411073
"TCGTAGATCTTAGCCC-1",6.73945710304291
"TCTATTGAGCGATTCT-1",5.31181159381515
"TCTATTGAGTGCCATT-1",0
"TCTATTGCACATCTTT-1",9.26350139262915
"TCTATTGGTAAGTGTA-1",3.70694615053053
"TCTATTGGTCCAACTA-1",5.9715061278081
"TCTATTGGTCTGCCAG-1",7.18858697636031
"TCTATTGGTTGCTCCT-1",0
"TCTATTGTCGGCGCTA-1",1.66200281472335
"TCTCATAAGCTAAACA-1",5.90613928613937
"TCTCATAAGCTAGTCT-1",4.58631611199682
"TCTCATAAGTGCCATT-1",1.83734307652052
"TCTCATAGTACCGGCT-1",3.31367240471796
"TCTCATAGTGTAAGTA-1",3.83581221662017
"TCTCATATCAAGCCTA-1",5.77998335472807
"TCTCATATCACCTTAT-1",7.95513670018626
"TCTCATATCCTGTACC-1",3.10826892114673
"TCTCTAAAGACCGGAT-1",6.43893212081049
"TCTCTAAAGGGTGTTG-1",3.75099424198234
"TCTCTAACAGCCTATA-1",0
"TCTCTAAGTCCAGTAT-1",5.99695364105198
"TCTCTAAGTCCATGAT-1",3.10826892114673
"TCTCTAAGTCTCATCC-1",4.53146597516493
"TCTCTAAGTGGAAAGA-1",3.93458469913371
"TCTCTAATCAAACCAC-1",6.84885029246985
"TCTCTAATCACAGGCC-1",1.55185924223159
"TCTCTAATCACATACG-1",5.88243616058153
"TCTCTAATCCGTAGGC-1",0
"TCTCTAATCGTATCAG-1",1.7706907932308
"TCTGAGACAAACCTAC-1",2.17772677866473
"TCTGAGACAGAGTGTG-1",1.42564878117569
"TCTGAGAGTAAGGGAA-1",9.10706356387196
"TCTGAGATCCTTGACC-1",1.85441043418972
"TCTGAGATCTATCCTA-1",7.07482112769382
"TCTGGAAAGCGATGAC-1",4.56776077012142
"TCTGGAAAGCTCTCGG-1",0
"TCTGGAAAGGAGCGAG-1",3.55998151984688
"TCTGGAACACAAGACG-1",1.66269508910763
"TCTGGAACACACTGCG-1",3.72423085873211
"TCTGGAACACTTCTGC-1",5.68094474546824
"TCTGGAAGTGAGTATA-1",3.30829494565913
"TCTTCGGAGGTTCCTA-1",3.56793077237824
"TCTTCGGAGTTCGATC-1",1.83734307652052
"TCTTCGGCAAAGCAAT-1",5.22305985149321
"TCTTCGGCAAAGGTGC-1",1.29100395438662
"TCTTCGGCAATAGCAA-1",4.23970276814581
"TCTTCGGCAATGTAAG-1",3.1559999991496
"TCTTCGGCACACCGAC-1",7.55360321988504
"TCTTCGGCAGCCAATT-1",2.68646607528998
"TCTTCGGGTCATTAGC-1",2.36886241630851
"TCTTCGGTCGTAGGTT-1",1.83734307652052
"TCTTCGGTCTCTAAGG-1",3.85137049913074
"TCTTTCCAGAGAGCTC-1",7.95513670018626
"TCTTTCCAGTCATCCA-1",5.95753006875513
"TCTTTCCCATCTCCCA-1",2.85925810294485
"TCTTTCCGTAATCACC-1",3.79658382971711
"TCTTTCCGTAGTACCT-1",1.7900947443555
"TCTTTCCTCACAACGT-1",3.74702939784521
"TCTTTCCTCAGCTGGC-1",0
"TCTTTCCTCCAAGTAC-1",2.12261371354504
"TCTTTCCTCCTCGCAT-1",1.52206179063153
"TGAAAGAAGCTAAGAT-1",3.83581221662017
"TGAAAGACAAGCCGTC-1",1.7900947443555
"TGAAAGACACATTCGA-1",3.45334576091502
"TGAAAGACATGAGCGA-1",3.8436492165927
"TGAAAGAGTCTAGCGC-1",5.54168530284554
"TGAAAGAGTCTCATCC-1",3.63767801554698
"TGAAAGATCCCGACTT-1",6.72826379291127
"TGAAAGATCTATGTGG-1",9.27783246826267
"TGACAACCAAGCGAGT-1",6.29830044702491
"TGACAACGTAGGGACT-1",7.01309138276856
"TGACAACGTGCGCTTG-1",4.55718710519006
"TGACAACGTGGTTTCA-1",2.45624829490049
"TGACAACTCACAAACC-1",7.32234926105612
"TGACAACTCCACGTGG-1",2.6381292553027
"TGACAACTCGAATGCT-1",1.60688281682492
"TGACGGCAGCGCCTCA-1",6.90729502331184
"TGACGGCAGGCTCAGA-1",7.11541539024388
"TGACGGCAGTCAAGCG-1",4.0387204980254
"TGACGGCCACAGACTT-1",3.72423085873211
"TGACGGCGTCATCCCT-1",5.22305985149321
"TGACGGCTCAGGCGAA-1",5.43130509348388
"TGACGGCTCCACTGGG-1",9.79483703648997
"TGACTAGAGACCCACC-1",4.89111809523416
"TGACTAGAGGGCATGT-1",1.78884874323438
"TGACTAGAGTCTCAAC-1",1.61393302355103
"TGACTAGAGTTGAGAT-1",4.2924198380969
"TGACTAGCAGCATACT-1",4.2714940663379
"TGACTAGCAGTCAGAG-1",0
"TGACTAGCATTTCACT-1",8.59151962239489
"TGACTAGGTAAATACG-1",2.6665066901071
"TGACTAGGTGAAAGAG-1",5.45815354078555
"TGACTAGGTGCAGTAG-1",4.19605739344798
"TGACTAGTCATGCATG-1",1.78059725485862
"TGACTAGTCCATGCTC-1",1.686659743766
"TGACTAGTCTGTTGAG-1",3.39001855776188
"TGACTTTAGAACAATC-1",2.89368845639012
"TGACTTTAGTCTCGGC-1",1.95401084829981
"TGACTTTAGTTAGGTA-1",0
"TGACTTTCAGTCCTTC-1",3.72423085873211
"TGACTTTCATTATCTC-1",5.30125139636101
"TGACTTTGTCACACGC-1",4.61247893810959
"TGACTTTTCCTCAATT-1",3.3431972370061
"TGACTTTTCTGCCCTA-1",6.0874943284225
"TGAGAGGAGGCTCATT-1",6.80987839122225
"TGAGAGGCAAAGTCAA-1",5.50708485881088
"TGAGAGGCAAGCCATT-1",1.78306268190063
"TGAGAGGCACCATGTA-1",4.53146597516493
"TGAGAGGGTCACTGGC-1",10.3685279570326
"TGAGAGGGTCTAAACC-1",1.8964969142605
"TGAGAGGTCGAACTGT-1",1.73033175497897
"TGAGAGGTCGCGTTTC-1",2.02880853123836
"TGAGAGGTCTGACCTC-1",1.40906951443495
"TGAGCATAGAAACGAG-1",3.30220454314886
"TGAGCATAGAAGCCCA-1",3.60152622440256
"TGAGCATAGATGTCGG-1",2.90599769180423
"TGAGCATAGGAATGGA-1",3.70694615053053
"TGAGCATCACCAGGCT-1",3.63767801554698
"TGAGCATCAGATGAGC-1",3.93535529535641
"TGAGCATCAGCGTAAG-1",5.57383059815256
"TGAGCATCAGCTGTAT-1",5.38079953381887
"TGAGCATGTGGCCCTA-1",1.58802651512561
"TGAGCATTCCACGTTC-1",0
"TGAGCATTCCGATATG-1",4.90498535612443
"TGAGCATTCGGCCGAT-1",4.68531713121003
"TGAGCCGCATCGGGTC-1",4.90498535612443
"TGAGCCGGTCGAACAG-1",8.44074143136808
"TGAGCCGGTGTAATGA-1",1.80734463789444
"TGAGCCGGTTGATTCG-1",1.79217625746399
"TGAGCCGTCATCTGCC-1",2.02195542015221
"TGAGCCGTCGTCACGG-1",4.10573369673154
"TGAGCCGTCTTGAGGT-1",4.02827222008008
"TGAGGGAAGAGACTAT-1",4.04131271058565
"TGAGGGAAGGAGTACC-1",1.58802651512561
"TGAGGGAAGTCATCCA-1",1.55185924223159
"TGAGGGAAGTCATGCT-1",6.34624745502514
"TGAGGGACACCAGTTA-1",2.15094959722266
"TGAGGGACATAAGACA-1",1.97242949798354
"TGAGGGAGTAAACGCG-1",3.61527187814654
"TGAGGGAGTTAGGGTG-1",1.67281284037323
"TGAGGGATCAACGGGA-1",3.3431972370061
"TGAGGGATCTAGCACA-1",4.2924198380969
"TGAGGGATCTCTTATG-1",3.45120370702587
"TGATTTCCATCCGGGT-1",7.50541472257781
"TGATTTCGTAGGCATG-1",5.61520617666837
"TGATTTCGTTAAGACA-1",1.42564878117569
"TGATTTCTCTGATTCT-1",1.82632954847501
"TGCACCTAGACCTTTG-1",8.30081275267306
"TGCACCTAGGACGAAA-1",2.45624829490049
"TGCACCTCAAGTTGTC-1",1.22711740621255
"TGCACCTCAATAGAGT-1",4.9931306996088
"TGCACCTCATCCGGGT-1",1.81763797610274
"TGCACCTGTAATCACC-1",5.18730189926096
"TGCACCTGTCACACGC-1",4.81546164004264
"TGCACCTTCACGGTTA-1",1.63255280174334
"TGCACCTTCATCGGAT-1",4.89111809523416
"TGCACCTTCCGCGGTA-1",1.55185924223159
"TGCACCTTCGAACTGT-1",3.11509583652187
"TGCACCTTCTCTTGAT-1",6.43893212081049
"TGCCAAACAATGTAAG-1",1.90277992121162
"TGCCAAACAATTCCTT-1",4.69333323780629
"TGCCAAAGTTCGCGAC-1",1.22711740621255
"TGCCAAATCCAAACTG-1",2.17772677866473
"TGCCAAATCCCTGACT-1",0
"TGCCAAATCGGCGGTT-1",6.5113728525779
"TGCCCATAGACTAGGC-1",6.45312112602068
"TGCCCATAGCGTCAAG-1",3.05452682112972
"TGCCCATAGCGTGAAC-1",3.14312023408865
"TGCCCATAGCTGTTCA-1",6.02623594204453
"TGCCCATAGGATGGAA-1",5.31181159381515
"TGCCCATAGTACGCCC-1",7.1328009411073
"TGCCCATAGTTGAGTA-1",3.93904402579597
"TGCCCATCACCAGGTC-1",0
"TGCCCATCACGAAATA-1",3.43884216718795
"TGCCCATCAGGACGTA-1",7.10196164371896
"TGCCCATCATGGAATA-1",0
"TGCCCATCATGGATGG-1",4.61247893810959
"TGCCCATGTAGCCTCG-1",0
"TGCCCATTCAAACCGT-1",0
"TGCCCATTCAGGCCCA-1",10.3440272607819
"TGCCCATTCCTTCAAT-1",0
"TGCCCATTCGGAAATA-1",5.12326205286471
"TGCCCTAAGGTCGGAT-1",2.45624829490049
"TGCCCTAAGGTTCCTA-1",5.61520617666837
"TGCCCTACACCACCAG-1",2.68646607528998
"TGCCCTACAGCCACCA-1",5.68410631620477
"TGCCCTACAGTGAGTG-1",3.73618048622414
"TGCCCTAGTCCGAGTC-1",1.45490401742683
"TGCCCTAGTGGTTTCA-1",4.56207906239776
"TGCCCTAGTTTCGCTC-1",3.31367240471796
"TGCCCTATCGACGGAA-1",5.38569187840972
"TGCCCTATCTTCGGTC-1",5.26470473234811
"TGCGCAGAGACTAGGC-1",4.44288823599841
"TGCGCAGAGCACACAG-1",2.95999903172409
"TGCGCAGAGCGTCTAT-1",8.87884264800688
"TGCGCAGAGGAGCGAG-1",2.34167981229028
"TGCGCAGCAAACGTGG-1",2.6665066901071
"TGCGCAGCAGCTCGCA-1",4.04131271058565
"TGCGCAGCAGTAGAGC-1",1.8964969142605
"TGCGCAGTCCTACAGA-1",4.29043146787456
"TGCGGGTAGAGACTTA-1",3.75099424198234
"TGCGGGTAGATCGATA-1",3.56793077237824
"TGCGGGTAGCTCTCGG-1",5.31181159381515
"TGCGGGTAGGTGTGGT-1",1.77609937832505
"TGCGGGTAGTACTTGC-1",2.06582408852915
"TGCGGGTCAATGGAAT-1",5.59832546037786
"TGCGGGTCACACGCTG-1",0
"TGCGGGTCATTGGGCC-1",1.8293964807525
"TGCGGGTGTAGAAAGG-1",1.78059725485862
"TGCGGGTGTCACCTAA-1",6.29830044702491
"TGCGGGTGTCAGATAA-1",5.85571010417463
"TGCGGGTGTTAGAACA-1",8.48128673525656
"TGCGGGTTCAGTTCGA-1",4.10573369673154
"TGCGGGTTCGTAGATC-1",1.65443392472602
"TGCGGGTTCTCTTGAT-1",0
"TGCGTGGAGACGCAAC-1",4.62602382204575
"TGCGTGGAGACTGGGT-1",2.12261371354504
"TGCGTGGCAATTCCTT-1",6.34624745502514
"TGCGTGGGTGCACCAC-1",1.78306268190063
"TGCGTGGTCCGCGCAA-1",2.05447253035063
"TGCGTGGTCGCCCTTA-1",1.66477614270494
"TGCGTGGTCTGGCGAC-1",3.53033872396598
"TGCTACCAGAAAGTGG-1",1.52206179063153
"TGCTACCAGATGGCGT-1",1.58802651512561
"TGCTACCAGCAAATCA-1",2.36886241630851
"TGCTACCAGTCCGTAT-1",5.55117233725218
"TGCTACCCAAGAGGCT-1",6.29830044702491
"TGCTACCCACTTAACG-1",1.63687268336829
"TGCTACCCATCGTCGG-1",2.68708489041059
"TGCTACCCATGGTTGT-1",0
"TGCTACCGTGTGACGA-1",1.66200281472335
"TGCTACCTCCTCGCAT-1",5.88805150494887
"TGCTACCTCTTCTGGC-1",5.52873365758682
"TGCTGCTAGACTAAGT-1",3.87597844655432
"TGCTGCTAGGTGATAT-1",3.47444918348479
"TGCTGCTCAATAGAGT-1",4.2763450268727
"TGCTGCTCACAGACAG-1",7.34078044140102
"TGCTGCTCATCCCATC-1",1.55185924223159
"TGCTGCTCATGGTTGT-1",3.61527187814654
"TGCTGCTGTCATACTG-1",4.62602382204575
"TGCTGCTGTGAAGGCT-1",1.90716114638537
"TGCTGCTTCATTGCGA-1",7.10196164371896
"TGGACGCAGAGGTACC-1",0
"TGGACGCAGTCAAGGC-1",2.20007408950475
"TGGACGCCACAGAGGT-1",3.43297096030994
"TGGACGCCATGGTAGG-1",3.31367240471796
"TGGACGCGTCCGAACC-1",5.65381273752266
"TGGACGCGTCTCCCTA-1",1.95401084829981
"TGGCCAGAGAAGGTGA-1",4.54561814904444
"TGGCCAGAGAGTACAT-1",2.15094959722266
"TGGCCAGAGGCGATAC-1",5.61520617666837
"TGGCCAGAGGCGTACA-1",5.62523653646304
"TGGCCAGCAACTGCGC-1",6.43893212081049
"TGGCCAGCACGACTCG-1",3.30436825204165
"TGGCCAGGTCAATACC-1",4.38580710245907
"TGGCCAGTCGTAGATC-1",2.6665066901071
"TGGCCAGTCTATCCCG-1",2.59183417558456
"TGGCGCAAGCTACCTA-1",3.43633750279593
"TGGCGCAAGCTATGCT-1",0
"TGGCGCAAGTGTGGCA-1",8.28500789294526
"TGGCGCAAGTTACCCA-1",3.61527187814654
"TGGCGCACACAGGCCT-1",1.66477614270494
"TGGCGCACACGGATAG-1",5.50708485881088
"TGGCGCACAGCGATCC-1",0
"TGGCGCACATAGGATA-1",2.6381292553027
"TGGCGCAGTACTCTCC-1",4.69333323780629
"TGGCGCAGTGGACGAT-1",2.85249544891478
"TGGCGCAGTTATGTGC-1",2.85925810294485
"TGGCGCATCAAGAAGT-1",4.38580710245907
"TGGCGCATCATGCTCC-1",8.42091193902524
"TGGCGCATCATGTGGT-1",4.36259489967003
"TGGCGCATCATTATCC-1",1.50629793178557
"TGGCGCATCGTGGTCG-1",5.31181159381515
"TGGCTGGAGCGGATCA-1",3.61275527201591
"TGGCTGGAGTGCAAGC-1",4.89111809523416
"TGGCTGGCAAGTTAAG-1",3.17919375523003
"TGGCTGGCACGGATAG-1",6.72826379291127
"TGGCTGGCAGGAACGT-1",4.47579713382757
"TGGCTGGGTCGAGTTT-1",1.84179578144619
"TGGCTGGGTCGGCATC-1",3.56793077237824
"TGGCTGGGTCTAGCCG-1",4.29043146787456
"TGGCTGGGTTACGCGC-1",1.60688281682492
"TGGCTGGGTTGGACCC-1",0
"TGGCTGGTCTCGTTTA-1",2.02880853123836
"TGGGAAGAGATATACG-1",0
"TGGGAAGAGCCCAATT-1",2.36886241630851
"TGGGAAGAGCGCTCCA-1",5.62523653646304
"TGGGAAGAGGGCTTCC-1",0
"TGGGAAGAGTAAGTAC-1",2.85249544891478
"TGGGAAGAGTTAACGA-1",1.84179578144619
"TGGGAAGCAAGGTGTG-1",4.53146597516493
"TGGGAAGCAGATCCAT-1",6.45312112602068
"TGGGAAGCAGCGAACA-1",0
"TGGGAAGGTAAGTTCC-1",2.12261371354504
"TGGGAAGGTTAGATGA-1",1.95401084829981
"TGGGAAGGTTATTCTC-1",4.69333323780629
"TGGGAAGTCCCAAGAT-1",1.85441043418972
"TGGGAAGTCCTTCAAT-1",5.57383059815256
"TGGGAAGTCGTGGACC-1",7.68207862320632
"TGGGAAGTCTCCTATA-1",2.71812438801341
"TGGGCGTAGTCTCCTC-1",6.0874943284225
"TGGGCGTCAGACGTAG-1",4.2763450268727
"TGGGCGTCAGGGATTG-1",1.52206179063153
"TGGGCGTGTCCAAGTT-1",5.42178216217484
"TGGGCGTGTCTAGAGG-1",1.78884874323438
"TGGGCGTGTGGCTCCA-1",1.4699371549693
"TGGGCGTGTTTCGCTC-1",2.45624829490049
"TGGGCGTTCAGCTTAG-1",4.56207906239776
"TGGTTAGAGCTACCTA-1",5.30125139636101
"TGGTTAGAGTTAGGTA-1",1.9607996208036
"TGGTTAGGTGATGATA-1",0
"TGGTTAGGTTCACGGC-1",8.44074143136808
"TGGTTAGTCCCGACTT-1",1.84179578144619
"TGGTTAGTCTTGTATC-1",1.63255280174334
"TGGTTCCAGCCGTCGT-1",3.43297096030994
"TGGTTCCAGTAATCCC-1",3.61319198064713
"TGGTTCCCAAGTTGTC-1",2.67110542125041
"TGGTTCCCAGACAAAT-1",1.63255280174334
"TGGTTCCCAGACAGGT-1",3.47444918348479
"TGGTTCCCAGCTCGAC-1",0
"TGGTTCCCATGTCCTC-1",3.19543307939821
"TGGTTCCCATTTCACT-1",3.50556314289915
"TGGTTCCGTCCAAGTT-1",2.51894771481597
"TGGTTCCTCACATACG-1",2.12261371354504
"TGGTTCCTCAGCTTAG-1",6.37562605478344
"TGGTTCCTCTAACTTC-1",0
"TGGTTCCTCTAGAGTC-1",5.62760609285568
"TGGTTCCTCTGGGCCA-1",1.8444805688076
"TGTATTCAGCCCGAAA-1",3.85137049913074
"TGTATTCAGCGATCCC-1",3.39289139300417
"TGTATTCCAGGGCATA-1",1.78306268190063
"TGTATTCGTAAGAGAG-1",2.12520704909252
"TGTATTCGTTTGTTTC-1",3.71101637328233
"TGTATTCTCAGCATGT-1",4.81546164004264
"TGTATTCTCATCTGTT-1",1.61393302355103
"TGTCCCAAGCAGATCG-1",2.85249544891478
"TGTCCCAAGCTAGTTC-1",0
"TGTCCCAAGCTGAACG-1",3.46855944407546
"TGTCCCAAGTTGTCGT-1",3.14312023408865
"TGTCCCACAGTAAGCG-1",5.06098996627479
"TGTCCCACATCACGTA-1",3.39001855776188
"TGTCCCAGTAAGAGGA-1",7.18584302256109
"TGTCCCAGTAAGTGGC-1",6.29830044702491
"TGTCCCAGTCGGATCC-1",5.28912707760863
"TGTCCCATCATTTGGG-1",11.2204858176657
"TGTCCCATCTGCAAGT-1",0
"TGTCCCATCTGCGTAA-1",1.77365793827803
"TGTGGTAGTCCCGACA-1",6.34624745502514
"TGTGGTAGTGTGAAAT-1",3.21322446697284
"TGTGGTAGTGTGACGA-1",1.80734463789444
"TGTGGTATCCAGGGCT-1",2.15972018187776
"TGTGGTATCTTGCATT-1",1.79217625746399
"TGTGTTTAGAGGTTAT-1",2.71812438801341
"TGTGTTTAGCGTGAGT-1",3.31367240471796
"TGTGTTTAGTGCGTGA-1",1.29100395438662
"TGTGTTTCATGCGCAC-1",0
"TGTGTTTTCTCATTCA-1",0
"TGTGTTTTCTTTCCTC-1",1.50629793178557
"TGTTCCGAGAGCAATT-1",3.95943906671749
"TGTTCCGAGCAACGGT-1",4.97253531470174
"TGTTCCGAGGAATTAC-1",1.58802651512561
"TGTTCCGAGGACTGGT-1",1.78306268190063
"TGTTCCGCAGTGAGTG-1",3.31367240471796
"TGTTCCGGTGAGTATA-1",5.50708485881088
"TGTTCCGTCAAGCCTA-1",2.68646607528998
"TGTTCCGTCAGTTCGA-1",6.84980914318613
"TGTTCCGTCGGCGGTT-1",6.14323601479672
"TGTTCCGTCTGAAAGA-1",3.55928930533807
"TGTTCCGTCTGGTATG-1",5.6325240683146
"TTAACTCAGTGTACGG-1",1.34570908100481
"TTAACTCCAAGCGCTC-1",1.77365793827803
"TTAACTCCAGGCAGTA-1",2.48147611469121
"TTAACTCGTTCCACAA-1",3.33832560334712
"TTAACTCTCATAAAGG-1",5.26434856602508
"TTAACTCTCCCTCAGT-1",2.45624829490049
"TTAGGACAGCAGGCTA-1",7.61890752815158
"TTAGGACAGCTCTCGG-1",2.53058667573078
"TTAGGACCAAGCCATT-1",2.6381292553027
"TTAGGACCAGTCAGAG-1",3.34412536868733
"TTAGGACGTTTGTTTC-1",1.66477614270494
"TTAGGCAAGAAGATTC-1",4.90498535612443
"TTAGGCAAGAGCCCAA-1",1.52206179063153
"TTAGGCAAGAGTGACC-1",5.57383059815256
"TTAGGCAAGGTTCCTA-1",3.13031181871514
"TTAGGCAAGTCGTTTG-1",5.95556410398227
"TTAGGCAAGTGTACCT-1",0
"TTAGGCACAGACGCTC-1",4.2924198380969
"TTAGGCACATGTTCCC-1",0
"TTAGGCAGTAAGGATT-1",3.81916826322017
"TTAGGCAGTAAGTAGT-1",0
"TTAGGCAGTCTTGATG-1",6.72826379291127
"TTAGGCATCACGCATA-1",3.63744646050673
"TTAGGCATCAGTCAGT-1",1.22711740621255
"TTAGGCATCCAGTATG-1",6.35824392662605
"TTAGGCATCGTTACGA-1",4.43040130671452
"TTAGTTCAGGTGCAAC-1",3.29559867664406
"TTAGTTCCAATGTAAG-1",5.30231746960932
"TTAGTTCCATCCTTGC-1",7.18584302256109
"TTAGTTCGTAGCCTAT-1",1.686659743766
"TTAGTTCGTGCAGACA-1",1.8964969142605
"TTAGTTCGTGTCAATC-1",7.76786380312766
"TTAGTTCGTTGCCTCT-1",8.0890403972216
"TTAGTTCTCAGGCCCA-1",5.45815354078555
"TTAGTTCTCGCAGGCT-1",3.63767801554698
"TTAGTTCTCTACTATC-1",3.00321462531973
"TTATGCTAGAATGTGT-1",1.63687268336829
"TTATGCTAGCACACAG-1",0
"TTATGCTAGCAGCCTC-1",3.05610794258125
"TTATGCTAGTCCCACG-1",6.90729502331184
"TTATGCTCAGCCAGAA-1",6.37952345510127
"TTATGCTCATACCATG-1",1.77609937832505
"TTATGCTCATGTAGTC-1",3.70694615053053
"TTATGCTGTCCGAGTC-1",5.12326205286471
"TTATGCTTCGATAGAA-1",0
"TTCCCAGAGAATTCCC-1",5.57383059815256
"TTCCCAGAGACTAGAT-1",8.17757303975716
"TTCCCAGAGTATCGAA-1",6.0874943284225
"TTCCCAGCAGATGGGT-1",3.30436825204165
"TTCCCAGCATCAGTAC-1",4.04131271058565
"TTCCCAGCATCTCCCA-1",1.90277992121162
"TTCCCAGCATTACCTT-1",6.81616342938876
"TTCCCAGTCAACACTG-1",1.9634270728463
"TTCCCAGTCGAGAGCA-1",1.66200281472335
"TTCGAAGAGTCTCAAC-1",7.01658929208851
"TTCGAAGCAAGCGCTC-1",6.76440561468447
"TTCGAAGCACATTAGC-1",5.50708485881088
"TTCGAAGCACGGTGTC-1",2.06582408852915
"TTCGGTCAGAGGACGG-1",5.22305985149321
"TTCGGTCAGCACACAG-1",5.96895549742153
"TTCGGTCAGGCCCTCA-1",1.58802651512561
"TTCGGTCAGTGAATTG-1",5.50708485881088
"TTCGGTCAGTTGAGAT-1",2.29087922016553
"TTCGGTCCAAGGGTCA-1",4.8504303026845
"TTCGGTCCACGTCAGC-1",6.0365082792979
"TTCGGTCGTAACGTTC-1",6.73945710304291
"TTCGGTCGTAGAGTGC-1",3.05225357729561
"TTCGGTCGTTCATGGT-1",2.15972018187776
"TTCGGTCGTTCTGTTT-1",0
"TTCGGTCTCAAAGACA-1",2.1065965598764
"TTCGGTCTCCAGTATG-1",4.18458558890676
"TTCGGTCTCGCGTTTC-1",4.1778919504511
"TTCGGTCTCGTCTGAA-1",1.74812676048036
"TTCTACAAGACTAAGT-1",2.17772677866473
"TTCTACAAGCAGCCTC-1",6.29830044702491
"TTCTACAAGCCTTGAT-1",4.29043146787456
"TTCTACAAGGCAGGTT-1",6.43893212081049
"TTCTACAAGGTAAACT-1",0
"TTCTACAAGTTAGGTA-1",5.68094474546824
"TTCTACACACGTGAGA-1",2.59183417558456
"TTCTACACAGCTGTTA-1",3.45120370702587
"TTCTACACATCGATTG-1",3.70694615053053
"TTCTACACATTACGAC-1",5.42390865813172
"TTCTACAGTACCGTTA-1",6.45312112602068
"TTCTACAGTATATGAG-1",3.08899797597969
"TTCTACAGTGGCTCCA-1",2.48147611469121
"TTCTACATCAACGGGA-1",3.4652757373014
"TTCTACATCCGCGTTT-1",3.73481981576731
"TTCTCAAAGAAAGTGG-1",2.65747705199148
"TTCTCAAAGAATCTCC-1",2.29087922016553
"TTCTCAAAGAGGTTAT-1",5.61520617666837
"TTCTCAAAGCAGCCTC-1",3.53033872396598
"TTCTCAAAGCCGCCTA-1",0
"TTCTCAAAGTCAATAG-1",1.4699371549693
"TTCTCAAAGTTGAGAT-1",2.19903389428245
"TTCTCAACACCCAGTG-1",0
"TTCTCAACATTGTGCA-1",1.09595271263235
"TTCTCAAGTATAAACG-1",3.37443047289216
"TTCTCAAGTCCCTTGT-1",1.67281284037323
"TTCTCAAGTCGAGATG-1",6.0365082792979
"TTCTCAATCATCGCTC-1",8.30081275267306
"TTCTCAATCCCTAACC-1",2.68646607528998
"TTCTCAATCGTAGGAG-1",0
"TTCTCCTAGAGTAAGG-1",4.07834979891539
"TTCTCCTAGCGACGTA-1",2.90599769180423
"TTCTCCTAGCGTGAGT-1",5.68094474546824
"TTCTCCTAGTCTCGGC-1",2.15972018187776
"TTCTCCTCAACACGCC-1",1.78306268190063
"TTCTCCTCAATAACGA-1",4.71092307024775
"TTCTCCTGTTAAGAAC-1",3.43884216718795
"TTCTCCTTCAGTTCGA-1",0
"TTCTCCTTCCGTAGGC-1",3.61527187814654
"TTCTCCTTCCTTTCTC-1",6.84980914318613
"TTCTCCTTCTGCAAGT-1",3.70694615053053
"TTCTCCTTCTTCAACT-1",3.71151587742822
"TTCTCCTTCTTGTACT-1",4.04131271058565
"TTCTTAGAGGACTGGT-1",5.77998335472807
"TTCTTAGCAAGGTGTG-1",8.78661596830194
"TTCTTAGCATCGGAAG-1",8.1383088782272
"TTCTTAGGTAGAAGGA-1",6.37562605478344
"TTCTTAGGTCATATGC-1",1.84179578144619
"TTCTTAGTCAGTTCGA-1",3.20389803553291
"TTGAACGGTCACTTCC-1",3.55928930533807
"TTGAACGTCATGTCCC-1",4.07774508458473
"TTGACTTAGCCACGTC-1",3.34412536868733
"TTGACTTAGCGACGTA-1",3.83415189914309
"TTGACTTAGTTAACGA-1",3.4652757373014
"TTGACTTCACTTACGA-1",1.78059725485862
"TTGACTTGTCTCTCTG-1",1.95401084829981
"TTGACTTGTGCGATAG-1",6.0874943284225
"TTGACTTTCCAGAGGA-1",7.34078044140102
"TTGACTTTCTGTCCGT-1",5.52873365758682
"TTGCCGTAGGAGCGTT-1",8.05862378832599
"TTGCCGTAGGTGGGTT-1",1.50629793178557
"TTGCCGTCATGGTCAT-1",1.75878542312593
"TTGCGTCAGACAGAGA-1",5.55554841953319
"TTGCGTCAGCTCCTTC-1",4.47579713382757
"TTGCGTCAGTCCATAC-1",0
"TTGCGTCAGTGAATTG-1",5.22305985149321
"TTGCGTCCAAATTGCC-1",1.68989523212849
"TTGCGTCCACTGTGTA-1",3.90626648365546
"TTGCGTCCAGTCACTA-1",5.54168530284554
"TTGCGTCGTCTGATTG-1",5.45815354078555
"TTGGAACAGCCCAATT-1",4.8504303026845
"TTGGAACAGCGTCTAT-1",1.7706907932308
"TTGGAACAGGCGTACA-1",1.83689930522053
"TTGGAACGTATTACCG-1",2.89368845639012
"TTGGAACTCCCATTAT-1",0
"TTGGAACTCCGTAGTA-1",3.54487782838931
"TTGGAACTCGTCCAGG-1",3.88444833564439
"TTGGCAAAGTTAGGTA-1",2.65747705199148
"TTGGCAAGTATAGGTA-1",4.1778919504511
"TTGGCAATCACATGCA-1",6.0365082792979
"TTGGCAATCAGAGCTT-1",4.04131271058565
"TTGGCAATCGCATGAT-1",5.90613928613937
"TTGGCAATCTAGAGTC-1",3.30436825204165
"TTGTAGGAGGTGCTAG-1",1.54981001079568
"TTGTAGGCACACGCTG-1",7.32234926105612
"TTGTAGGGTCTCCCTA-1",6.0874943284225
"TTGTAGGGTGGTAACG-1",0
"TTGTAGGTCGGCGCTA-1",5.57383059815256
"TTGTAGGTCTGCCAGG-1",1.83734307652052
"TTTACTGAGATCACGG-1",5.26236744106244
"TTTACTGCAAAGCAAT-1",1.84179578144619
"TTTACTGCACATGGGA-1",5.24533464436378
"TTTACTGCACCACGTG-1",0
"TTTACTGCATGGGACA-1",5.62523653646304
"TTTACTGCATGTCCTC-1",1.84179578144619
"TTTACTGGTAACGTTC-1",5.74567650659466
"TTTACTGGTGGTGTAG-1",1.9634270728463
"TTTACTGGTTCGCTAA-1",6.26394168330706
"TTTACTGTCTGGAGCC-1",1.09595271263235
"TTTATGCAGACTGTAA-1",0
"TTTATGCAGATGCGAC-1",4.10573369673154
"TTTATGCAGGCAAAGA-1",5.38079953381887
"TTTATGCAGGCCCGTT-1",3.1564767011551
"TTTATGCAGTTCCACA-1",3.31367240471796
"TTTATGCCAAACGCGA-1",5.46885045614676
"TTTATGCCAATCTGCA-1",11.2963219195727
"TTTATGCCACAGGTTT-1",5.61520617666837
"TTTATGCCAGCCAATT-1",0
"TTTATGCCAGGTCGTC-1",1.09595271263235
"TTTATGCCATGGTCAT-1",3.66691393951051
"TTTATGCTCACATAGC-1",0
"TTTATGCTCACCTTAT-1",2.59183417558456
"TTTATGCTCGGCGGTT-1",6.87353463028507
"TTTATGCTCTCGCTTG-1",7.34078044140102
"TTTCCTCAGCGTGAAC-1",7.18474436309284
"TTTCCTCAGGACTGGT-1",3.55131355478711
"TTTCCTCCAAAGTGCG-1",0
"TTTCCTCCAGGAATGC-1",3.93538397876089
"TTTCCTCCATTAGCCA-1",0
"TTTCCTCGTCCGAAGA-1",5.79672643767442
"TTTCCTCGTCGCTTTC-1",6.73945710304291
"TTTCCTCTCGGCCGAT-1",3.95496830494764
"TTTCCTCTCGTGTAGT-1",1.83689930522053
"TTTGCGCAGCTAAACA-1",3.54487782838931
"TTTGCGCAGCTAGTCT-1",1.8964969142605
"TTTGCGCAGGCCGAAT-1",1.65443392472602
"TTTGCGCAGTCAAGGC-1",0
"TTTGCGCCAAGTAGTA-1",1.8964969142605
"TTTGCGCCAGGTGCCT-1",6.84980914318613
"TTTGCGCGTCTAAACC-1",1.8964969142605
"TTTGCGCTCAAAGTAG-1",1.78884874323438
"TTTGCGCTCATGTAGC-1",5.79672643767442
"TTTGGTTAGAATGTGT-1",7.72803719343951
"TTTGGTTAGACAATAC-1",4.8504303026845
"TTTGGTTAGCGATTCT-1",2.85925810294485
"TTTGGTTAGGCTCAGA-1",2.39880485990856
"TTTGGTTAGTTACCCA-1",1.55185924223159
"TTTGGTTCAAACTGCT-1",3.63767801554698
"TTTGGTTCAAGCTGTT-1",4.61247893810959
"TTTGGTTCAGATCGGA-1",1.55185924223159
"TTTGGTTCATCACAAC-1",6.39031474537329
"TTTGGTTGTACTTCTT-1",3.63767801554698
"TTTGGTTGTATGCTTG-1",1.76557996364628
"TTTGGTTGTGCTTCTC-1",4.95076651368352
"TTTGGTTTCATGCTCC-1",4.71092307024775
"TTTGGTTTCCCTGACT-1",1.58802651512561
"TTTGTCAAGAGTCGGT-1",8.86640525319129
"TTTGTCACAAGTTCTG-1",1.83956601435704
"TTTGTCACAAGTTGTC-1",4.02346703880741
"TTTGTCATCACCTTAT-1",3.88711477578596
"TTTGTCATCCATTCTA-1",1.52206179063153
"TTTGTCATCCTTAATC-1",3.17919375523003
"TTTGTCATCTTATCTG-1",1.82632954847501
